119.18439483642578, 186.429657, 0, 0, [4.5115743, -1.2463769, 1.5439872, 1.2946777, -2.8606615, -1.5275171, -1.6213472, 0.7703325, -0.8704273, -0.052304566], 4.046676
118.79000091552734, 187.5988007, 0, 0, [4.62205, -0.81926966, 0.91595924, 1.0809765, -3.908445, -1.3165445, -0.7189783, 0.6390077, -0.5553557, -1.1269737], 4.3413987
118.96987915039062, 187.8053894, 0, 0, [5.0832644, -0.8348106, 1.1086261, 1.3521166, -3.0264204, -1.8140209, -0.3408055, 1.3059101, -0.6079951, -1.0202006], 4.5130305
118.37220764160156, 187.381485, 0, 0, [4.9055643, -0.7952538, 1.1170735, 1.3606576, -3.392041, -1.6526079, -0.49830934, 0.99094754, -0.55319154, -1.0890325], 4.474008
119.81693267822266, 187.4491882, 0, 0, [4.720434, -0.7346785, 0.86439675, 0.972234, -3.8802001, -1.2516931, -0.81377137, 0.44902372, -0.52566683, -0.8663994], 4.291448
119.84630584716797, 187.6331024, 0, 0, [3.7156613, -0.99872327, 2.6413364, 2.7161946, -3.3190405, -0.91557586, -1.0787076, 0.54741806, 0.34647596, 0.69057673], 4.118405
119.31220245361328, 188.0726318, 0, 0, [5.475797, -0.39348114, 1.392506, 1.5502582, -2.0961764, -1.8297219, -0.5169425, 0.96219724, -0.47403294, -0.91326547], 4.3478456
118.61015319824219, 187.4118652, 0, 0, [5.3079576, -2.1095726, 0.22434102, 1.3178698, -4.502182, -2.6430142, -0.36126, 1.0137179, -1.3445692, -2.0873027], 6.6302423
119.67108154296875, 187.6136322, 0, 0, [5.4382257, -2.5343788, 0.51448935, 1.8075116, -3.925418, -2.4608455, -1.0415518, 1.2332008, -1.6248797, -1.1682951], 6.6189384
119.15889739990234, 187.6261444, 0, 0, [4.432239, -1.7995596, 1.9008223, 2.7578416, -2.8542643, -1.4163125, -0.84907436, 1.4561818, -0.208529, 0.031991243], 4.5949464
119.44121551513672, 187.6196594, 0, 0, [3.6438954, -2.6607745, 1.7879095, 1.4364934, -4.6973796, -1.1383014, -1.2293524, 0.15675807, -0.42545265, -0.5917605], 4.9663677
119.66152954101562, 187.6612091, 0, 0, [4.0498705, -1.9443504, 0.53619695, 0.28789878, -4.908585, -1.4478449, -0.9612549, 0.10801685, -0.4315399, -1.3083218], 4.595248
136.41587829589844, 191.9259338, 0, 0, [5.382365, 0.13864854, -0.4734829, -0.1179139, -3.6599903, -0.2663782, -1.4134938, -0.41746235, -1.1157678, -0.00921151], 4.572962
124.78276824951172, 189.4447632, 0, 0, [-0.23132396, 1.9928653, -1.0306289, 2.970353, -4.8097796, -1.1662785, -0.0992409, 1.0756376, 0.85718, -2.125627], 4.4165425
119.85736846923828, 188.2474365, 0, 0, [4.642375, 0.6341908, 1.3117212, 0.73420435, -3.5901964, -0.9079633, -0.96574783, 0.0038276315, -0.46445072, -1.0663009], 4.0201817
118.65095520019531, 187.82164, 0, 0, [4.8815517, 0.0362854, 1.8368515, 1.4111463, -2.5490294, -1.2508562, -0.8332205, 0.41912377, 0.23110032, -0.48238504], 3.7045016
119.18439483642578, 186.429657, 10000, 12, [1.3522732, 1.3841238, 1.3596972, 1.2470224, 0.93306416, 1.1006893, 0.80597866, 1.0579677, 1.0965323, 1.1843287], 0.032941826
118.79000091552734, 187.5988007, 10000, 10, [1.2355195, 1.3128672, 1.2120486, 1.1837171, 1.1031554, 1.1794201, 0.9673199, 1.2961909, 0.83814186, 1.1002153], 0.019585408
118.96987915039062, 187.8053894, 10000, 12, [1.1909348, 1.2922037, 1.0577445, 1.2559403, 1.0822895, 1.0731806, 1.0579464, 1.2473125, 0.8308655, 1.0714312], 0.016651113
118.37220764160156, 187.381485, 10000, 0, [1.2361634, 1.3072292, 1.1845593, 1.261324, 1.0666938, 1.1269679, 0.94512737, 1.2550596, 0.805452, 1.091457], 0.022351535
119.81693267822266, 187.4491882, 10000, 134, [1.2464823, 1.2924007, 1.2117164, 1.144799, 1.1073444, 1.1916462, 0.9682581, 1.2134076, 0.87137026, 1.1464866], 0.015054872
119.84630584716797, 187.6331024, 10000, 0, [0.7546622, 0.86196816, 1.1635661, 0.32479125, 0.45489436, 0.8800633, 1.1355302, 0.82206243, 1.2292267, 1.0093075], 0.07900609
119.31220245361328, 188.0726318, 10000, 27, [1.2486229, 1.162892, 1.0373977, 1.2891668, 1.1030034, 1.089154, 0.90105116, 1.0755109, 0.85728425, 0.979527], 0.017290542
118.61015319824219, 187.4118652, 10000, 192, [1.0586128, 1.2011324, 1.1133168, 1.1258836, 0.9417787, 1.0396273, 1.0326388, 1.2068708, 0.9613941, 1.126587], 0.007365171
119.67108154296875, 187.6136322, 10000, 336, [1.2476104, 1.3978541, 1.0652819, 1.2081716, 1.0114695, 0.9627383, 1.0759335, 1.1569085, 0.9748881, 1.3385962], 0.020717788
119.15889739990234, 187.6261444, 10000, 0, [1.1840875, 1.320153, 1.3607908, 1.1677332, 0.915117, 1.1441516, 1.1263511, 0.88022596, 1.0394015, 1.0728463], 0.021322718
119.44121551513672, 187.6196594, 10000, 0, [1.498277, 1.2026606, 1.2977083, 0.74853444, 0.93879986, 1.0663427, 1.3439877, 1.1524693, 1.0838323, 1.2920132], 0.041929644
119.66152954101562, 187.6612091, 10000, 25, [1.3504437, 1.5087447, 1.1955775, 0.9851693, 1.214318, 1.2505134, 1.2179972, 1.424033, 1.0023606, 1.1222137], 0.025514755
136.41587829589844, 191.9259338, 10000, 676, [0.50728446, 0.6891328, 0.63506836, 0.67580616, 0.6286622, 0.603142, 0.7453793, 0.767391, 0.4672002, 0.5059172], 0.00949291
124.78276824951172, 189.4447632, 10000, 0, [1.3166102, 0.9705169, 1.6796529, 1.0440593, 1.0837334, 1.2212969, 1.2519208, 1.4826529, 0.8719011, 0.9499731], 0.05857368
119.85736846923828, 188.2474365, 10000, 106, [1.2139766, 1.2986274, 1.3550396, 1.195165, 1.1563246, 1.1416814, 1.2223536, 1.1766402, 1.0212665, 1.1149088], 0.007844157
118.65095520019531, 187.82164, 10000, 26, [1.3568473, 1.3091829, 1.2021407, 1.2835609, 1.0483067, 1.1572369, 1.0431011, 1.1855634, 0.8670277, 1.0166643], 0.02095277
119.18439483642578, 186.429657, 20000, 34, [1.0000645, 1.0103563, 1.3553638, 1.158772, 0.8779084, 0.92173916, 0.6320354, 1.0135286, 0.9767099, 0.7787452], 0.035015725
118.79000091552734, 187.5988007, 20000, 12, [0.7561736, 0.743798, 0.9040704, 1.0246879, 0.94536203, 0.8181473, 0.84998286, 1.0461848, 0.79451674, 0.7198251], 0.012108685
118.96987915039062, 187.8053894, 20000, 12, [0.67997944, 0.7197354, 0.74857825, 0.9864469, 0.94086415, 0.7071855, 0.8089177, 1.041132, 0.7479738, 0.62707716], 0.017753819
118.37220764160156, 187.381485, 20000, 0, [0.7129293, 0.7591475, 0.85838515, 0.99799067, 0.92243207, 0.7254855, 0.78376204, 1.0176427, 0.7925346, 0.6772599], 0.012902521
119.81693267822266, 187.4491882, 20000, 230, [0.8124909, 0.72567844, 0.9367864, 1.0211858, 0.95261717, 0.8683644, 0.8265376, 1.0167606, 0.81142104, 0.73564166], 0.010318755
119.84630584716797, 187.6331024, 20000, 4, [0.9853118, 0.67950183, 1.265014, 0.7821285, 0.8125771, 0.8964185, 1.0151513, 0.79695016, 1.1528245, 0.6513557], 0.036016677
119.31220245361328, 188.0726318, 20000, 72, [0.6266112, 0.59983146, 0.6353278, 1.0628638, 0.96878546, 0.8496908, 0.6510948, 0.8667658, 0.80274385, 0.5537504], 0.02699467
118.61015319824219, 187.4118652, 20000, 227, [0.6319925, 0.56631, 0.6997793, 0.97028685, 0.8665328, 0.6483351, 0.93669105, 0.9117261, 0.8100826, 0.66404784], 0.019040372
119.67108154296875, 187.6136322, 20000, 365, [0.9719495, 0.8812781, 0.76096416, 1.0746568, 0.9543221, 0.7278652, 0.7910249, 0.8850433, 0.9223482, 0.7633297], 0.011208145
119.15889739990234, 187.6261444, 20000, 0, [0.9925784, 1.0483607, 1.0680696, 1.345661, 1.1312445, 1.027784, 1.0582876, 0.93150157, 0.8943311, 0.88410217], 0.016260732
119.44121551513672, 187.6196594, 20000, 0, [1.1419266, 0.9527302, 1.1382625, 0.9006429, 0.9229197, 0.9401939, 0.89835215, 0.844801, 1.0338879, 0.67475754], 0.017181613
119.66152954101562, 187.6612091, 20000, 100, [0.6642107, 0.82211316, 0.8598991, 0.90216345, 1.0294876, 0.80378634, 0.92231905, 0.98746735, 0.8363996, 0.60037535], 0.015857542
136.41587829589844, 191.9259338, 20000, 1184, [0.37800714, 0.33926594, 0.36963233, 0.7115217, 0.4203431, 0.6032492, 0.50507355, 0.7476564, 0.402556, 0.3506508], 0.02096605
124.78276824951172, 189.4447632, 20000, 0, [1.7368667, 1.5236607, 1.6243211, 1.6184427, 1.5388306, 1.911406, 0.8375473, 2.214426, 0.8599169, 1.1898243], 0.17117712
119.85736846923828, 188.2474365, 20000, 311, [1.0073545, 0.80402374, 0.94727135, 1.0301619, 0.97373295, 1.0006139, 1.0146425, 0.96773875, 0.92732024, 0.8001968], 0.006153308
118.65095520019531, 187.82164, 20000, 58, [0.7558052, 0.5663092, 0.75115454, 1.0141907, 0.9169822, 0.7795566, 0.6889813, 0.8611186, 0.8319637, 0.5689453], 0.018237732
119.18439483642578, 186.429657, 30000, 40, [1.223588, 1.2051116, 1.1927742, 1.212312, 1.1360706, 1.1802517, 0.9834968, 1.0520701, 0.97793484, 1.1103153], 0.007865798
118.79000091552734, 187.5988007, 30000, 42, [1.0184369, 1.0958867, 1.0502521, 1.1184058, 1.2079284, 1.1104096, 1.2406878, 1.2987493, 0.97426826, 1.1817088], 0.009421406
118.96987915039062, 187.8053894, 30000, 27, [1.0766448, 1.0972999, 0.97139144, 1.1541371, 1.1368266, 0.968914, 1.1863602, 1.308478, 0.90311617, 0.9921695], 0.013568667
118.37220764160156, 187.381485, 30000, 6, [1.0579118, 1.172901, 1.0268269, 1.1547427, 1.1802759, 1.0153897, 1.1798639, 1.2970066, 0.96484333, 1.0611501], 0.009277653
119.81693267822266, 187.4491882, 30000, 334, [1.0766793, 1.0698718, 1.0364455, 1.1253048, 1.230551, 1.1556314, 1.2032187, 1.262333, 0.9842762, 1.2280107], 0.007919193
119.84630584716797, 187.6331024, 30000, 38, [0.9399337, 0.8848933, 1.114447, 0.9566814, 0.94503284, 0.99909, 1.1467929, 0.9539014, 0.97317094, 0.9801888], 0.0058519067
119.31220245361328, 188.0726318, 30000, 143, [0.87865096, 0.8539882, 0.87777776, 1.1630515, 1.1197592, 1.0506042, 0.97351915, 1.0180819, 0.91180074, 0.82281995], 0.012378576
118.61015319824219, 187.4118652, 30000, 268, [0.96125454, 1.0601565, 0.8090694, 1.2664897, 1.1511091, 0.96702033, 1.2227894, 1.2278063, 1.0447936, 1.1617877], 0.019013885
119.67108154296875, 187.6136322, 30000, 405, [1.1381478, 1.0630475, 0.7513688, 1.1984684, 0.97021765, 0.9611029, 1.2060168, 1.0971352, 0.97553986, 1.117911], 0.017010655
119.15889739990234, 187.6261444, 30000, 19, [0.9663963, 0.9916584, 0.99440926, 1.3484311, 1.066107, 1.0900794, 1.1208575, 1.2111313, 0.94108117, 1.1899791], 0.0149201155
119.44121551513672, 187.6196594, 30000, 0, [1.2143294, 1.1709913, 1.0891688, 0.9735743, 0.963699, 1.1435221, 1.1941847, 0.94472474, 0.9976086, 1.0676522], 0.009340924
119.66152954101562, 187.6612091, 30000, 140, [0.8674086, 1.3413576, 1.0152127, 1.0793593, 1.369497, 1.0500079, 1.3230996, 1.2515173, 1.101406, 1.2396451], 0.024655903
136.41587829589844, 191.9259338, 30000, 1672, [0.46227872, 0.61646634, 0.45094597, 0.6347279, 0.58488363, 0.50818217, 0.390342, 0.79265755, 0.67127997, 0.5315489], 0.012943769
124.78276824951172, 189.4447632, 30000, 0, [1.3160553, 1.4547185, 1.579473, 1.7755824, 1.1329751, 1.7777537, 1.1640177, 2.0580084, 0.7448205, 1.0797668], 0.14170942
119.85736846923828, 188.2474365, 30000, 480, [1.1716326, 0.9938222, 0.91482687, 1.0450251, 1.1112851, 1.1710294, 1.2450192, 1.1423688, 1.0177157, 1.0976143], 0.0087687
118.65095520019531, 187.82164, 30000, 78, [1.0668119, 0.9610161, 0.95441484, 1.0845349, 1.1312097, 0.9646178, 1.0261742, 0.92826533, 0.8501446, 0.9242924], 0.0066517233
119.18439483642578, 186.429657, 40000, 49, [1.2627795, 1.1071084, 1.080113, 1.1624637, 0.9731233, 1.1337603, 0.78771925, 1.0274037, 0.86867255, 1.117819], 0.018175406
118.79000091552734, 187.5988007, 40000, 90, [1.1844711, 0.9941237, 1.0136166, 1.1679249, 0.98746973, 1.128841, 1.0358022, 1.206791, 0.87483734, 1.2525303], 0.013104628
118.96987915039062, 187.8053894, 40000, 63, [1.1718999, 1.0313159, 1.0297037, 1.1482843, 0.981611, 1.1055266, 1.0318185, 1.1296835, 0.8096023, 1.1044233], 0.010028119
118.37220764160156, 187.381485, 40000, 26, [1.2149792, 1.0804845, 1.0590029, 1.1777595, 0.99786323, 1.1257856, 1.0475688, 1.139937, 0.871564, 1.1963011], 0.009743838
119.81693267822266, 187.4491882, 40000, 459, [1.2140082, 0.9809622, 1.0256404, 1.1991377, 1.011393, 1.1494671, 1.0368706, 1.1871542, 0.8856576, 1.2507182], 0.013271553
119.84630584716797, 187.6331024, 40000, 49, [0.99272454, 0.9680191, 1.1641034, 0.909631, 0.9572513, 0.92974114, 1.1727134, 1.0844086, 0.88611203, 0.92428577], 0.009858167
119.31220245361328, 188.0726318, 40000, 219, [1.0709428, 0.969314, 0.960146, 1.1767329, 0.9938372, 1.1731453, 0.8601979, 0.98608875, 0.8984019, 1.0702207], 0.0101276925
118.61015319824219, 187.4118652, 40000, 317, [0.98969185, 1.0165412, 0.8207399, 1.2700909, 1.0221527, 1.1922805, 1.0144162, 1.0835711, 0.89809936, 1.2127324], 0.017868359
119.67108154296875, 187.6136322, 40000, 432, [1.0886242, 0.9811173, 0.7964768, 1.1603506, 0.92070514, 1.1372026, 0.96252275, 0.88410676, 0.8587314, 1.0955297], 0.01430615
119.15889739990234, 187.6261444, 40000, 48, [1.0404696, 1.0933, 1.0114453, 1.2236656, 0.94204015, 1.048182, 1.0649558, 1.0809246, 0.8881281, 1.2274722], 0.010269542
119.44121551513672, 187.6196594, 40000, 0, [1.3036155, 1.031301, 1.0439124, 1.0321907, 0.9829653, 1.2210653, 0.95262814, 0.7732049, 0.9677872, 1.0933095], 0.019255232
119.66152954101562, 187.6612091, 40000, 161, [1.0227432, 1.0690416, 0.98676354, 1.1286634, 1.0816312, 1.2054456, 1.0339863, 1.0882119, 0.9006885, 1.2525544], 0.009421956
136.41587829589844, 191.9259338, 40000, 2124, [0.46532643, 0.54181755, 0.58784723, 0.6828389, 0.5335834, 0.5787037, 0.5446395, 0.65034765, 0.49891666, 0.58474964], 0.003847564
124.78276824951172, 189.4447632, 40000, 0, [1.1241041, 1.5134405, 1.1177598, 1.6893748, 1.5433995, 1.6275768, 1.1356922, 1.6145797, 0.729546, 0.96635133], 0.09901846
119.85736846923828, 188.2474365, 40000, 620, [1.1971514, 0.94131804, 0.9625618, 1.0009577, 0.95823884, 1.1245432, 1.0992184, 1.1047405, 0.95315754, 1.1339191], 0.007927401
118.65095520019531, 187.82164, 40000, 107, [1.159861, 0.9938959, 0.95889765, 1.1534872, 0.95249444, 0.98980916, 0.9342431, 0.94193524, 0.80397743, 1.1158867], 0.011274919
119.18439483642578, 186.429657, 50000, 61, [1.0614057, 0.96479684, 0.9841465, 0.9537761, 1.108566, 1.0421455, 0.6895952, 0.94421005, 1.0069721, 0.90774137], 0.011765167
118.79000091552734, 187.5988007, 50000, 154, [0.9676094, 0.752212, 0.8720602, 0.93604314, 0.9883941, 0.95806146, 0.898256, 1.0794574, 0.8379072, 0.9600294], 0.0073092254
118.96987915039062, 187.8053894, 50000, 96, [0.89192843, 0.64752483, 0.9278798, 0.929451, 0.9693499, 0.8451862, 0.9199197, 1.0301155, 0.7835519, 0.75190926], 0.011689332
118.37220764160156, 187.381485, 50000, 48, [0.96781045, 0.7055814, 0.94341755, 0.9304397, 1.0016453, 0.90573835, 0.91995054, 1.042436, 0.84379375, 0.83742315], 0.00823692
119.81693267822266, 187.4491882, 50000, 613, [1.0154773, 0.79668945, 0.8845682, 0.93078625, 1.0302365, 0.98035544, 0.9236659, 1.0574695, 0.89421827, 0.9828543], 0.0056234067
119.84630584716797, 187.6331024, 50000, 70, [0.94513434, 0.95350254, 1.1013354, 0.6816845, 0.99142, 0.8454739, 1.067421, 1.0169604, 0.9239411, 0.59087896], 0.024087988
119.31220245361328, 188.0726318, 50000, 304, [0.76740974, 0.53418624, 0.85588294, 0.9204432, 0.9846527, 0.98868906, 0.7508622, 0.8950936, 0.86993986, 0.63934743], 0.019694235
118.61015319824219, 187.4118652, 50000, 368, [0.8609153, 0.8166444, 0.8082631, 1.0141454, 1.0094998, 0.93407583, 0.8752377, 0.9933601, 0.9745182, 0.9288239], 0.00541417
119.67108154296875, 187.6136322, 50000, 450, [1.0632477, 0.83600885, 0.8960311, 0.9735652, 0.91823465, 0.90382075, 0.8958306, 0.8187857, 1.0174272, 0.9084477], 0.005163845
119.15889739990234, 187.6261444, 50000, 62, [0.99120736, 1.0754097, 1.0877767, 1.0016346, 0.96720004, 0.853298, 0.8574509, 0.9523676, 0.95705616, 0.9291454], 0.00547997
119.44121551513672, 187.6196594, 50000, 0, [1.2759553, 0.9444502, 1.123287, 0.7982872, 0.94644773, 0.985203, 0.8612292, 0.642673, 1.0250442, 0.9196999], 0.026940495
119.66152954101562, 187.6612091, 50000, 182, [0.9519581, 0.73027956, 0.9107954, 0.8396985, 0.9848009, 0.9120711, 0.87691927, 1.0541693, 0.9063321, 0.92012507], 0.0066580893
136.41587829589844, 191.9259338, 50000, 2603, [0.4914883, 0.6014717, 0.43167964, 0.73022276, 0.6254793, 0.47984633, 0.4933568, 0.7030312, 0.569561, 0.59249777], 0.008720714
124.78276824951172, 189.4447632, 50000, 0, [1.6143314, 1.8590386, 1.4968936, 1.5088942, 1.6571908, 1.6619605, 1.2981765, 1.7300246, 0.81635183, 1.5395149], 0.07522634
119.85736846923828, 188.2474365, 50000, 758, [1.0374942, 0.80176896, 0.8216198, 0.9697433, 1.000114, 0.9661291, 0.96324104, 1.0064965, 1.0421932, 0.8609988], 0.006896727
118.65095520019531, 187.82164, 50000, 149, [0.79603904, 0.60327387, 0.7530657, 0.9076816, 0.9702043, 0.81867826, 0.8363156, 0.9041388, 0.7523362, 0.69079167], 0.0108089615
119.18439483642578, 186.429657, 60000, 68, [0.9144547, 1.2487595, 1.052041, 0.7306467, 1.0269, 0.98939633, 0.6625568, 0.9269961, 0.94919264, 0.8810128], 0.024303386
118.79000091552734, 187.5988007, 60000, 191, [0.88381326, 1.0885332, 0.8581629, 0.7503222, 0.8900332, 0.8364861, 0.88640654, 0.97049624, 0.7916682, 0.976342], 0.008635348
118.96987915039062, 187.8053894, 60000, 119, [0.8874893, 1.068448, 0.8699596, 0.81116635, 0.8929687, 0.84670043, 0.9789294, 0.9447262, 0.70090026, 0.8437301], 0.008885073
118.37220764160156, 187.381485, 60000, 55, [0.86678106, 1.150293, 0.91505784, 0.7615713, 0.91181844, 0.8808229, 0.9523258, 0.93914396, 0.7526406, 0.8778523], 0.011011543
119.81693267822266, 187.4491882, 60000, 719, [0.92174983, 1.0449791, 0.88776535, 0.7769816, 0.938467, 0.8610355, 0.9014857, 0.94279885, 0.80265176, 0.9987693], 0.006025111
119.84630584716797, 187.6331024, 60000, 79, [0.66293484, 0.8298983, 1.0374935, 0.7260181, 0.90964687, 0.86788374, 0.8641287, 0.9245135, 0.80435765, 0.7300154], 0.010998373
119.31220245361328, 188.0726318, 60000, 377, [0.76718956, 0.961449, 0.8146624, 0.8221817, 0.93137443, 0.99527794, 0.85676515, 0.8000356, 0.7842134, 0.7928171], 0.0059101074
118.61015319824219, 187.4118652, 60000, 413, [0.7329522, 1.1003913, 0.7773935, 0.8348838, 0.8261989, 0.82265145, 0.94507694, 0.88404727, 0.8541554, 1.0112721], 0.011108199
119.67108154296875, 187.6136322, 60000, 475, [0.92814225, 1.060708, 0.8445053, 0.85881984, 0.8776055, 0.9301999, 0.9639119, 0.7978344, 0.84565514, 0.9397025], 0.0051638572
119.15889739990234, 187.6261444, 60000, 75, [0.87840253, 1.141536, 0.9995468, 0.9632008, 0.9055308, 0.92194647, 0.81745124, 0.93946856, 0.90707177, 0.99429685], 0.00685915
119.44121551513672, 187.6196594, 60000, 0, [1.0827601, 1.1031989, 1.0524267, 0.8142064, 0.8577806, 0.91282266, 0.85471183, 0.6682013, 0.9189634, 0.97051716], 0.016279606
119.66152954101562, 187.6612091, 60000, 191, [0.78315896, 1.0732099, 0.88629895, 0.63068205, 0.81013113, 0.63092226, 0.938125, 0.7986505, 0.7588071, 0.9696783], 0.018147996
136.41587829589844, 191.9259338, 60000, 3007, [0.53472036, 0.54001194, 0.561195, 0.62032086, 0.5569842, 0.4754578, 0.44767708, 0.5915963, 0.32929653, 0.7580263], 0.011447646
124.78276824951172, 189.4447632, 60000, 0, [1.2313651, 1.5426371, 1.2671194, 1.438693, 1.3634776, 1.1560773, 1.0661752, 0.88900656, 0.51215136, 0.969398], 0.08176582
119.85736846923828, 188.2474365, 60000, 926, [1.0680153, 1.0366385, 0.79361314, 0.88211197, 0.9412385, 0.9063433, 0.94280916, 0.85084236, 0.9146908, 0.9245013], 0.005854157
118.65095520019531, 187.82164, 60000, 163, [0.7738816, 1.0455295, 0.70496476, 0.8055781, 0.8725735, 0.8191934, 0.8979678, 0.68090475, 0.6767495, 0.79297596], 0.011419192
119.18439483642578, 186.429657, 70000, 77, [1.1360734, 1.1947092, 1.125727, 1.0179985, 1.0205917, 1.2319425, 0.8910946, 1.0460972, 1.0087073, 1.0448005], 0.00913331
118.79000091552734, 187.5988007, 70000, 239, [1.2408171, 1.1072496, 1.0415967, 1.0722834, 0.99662226, 1.1059653, 1.089024, 1.1892143, 1.1045868, 1.1206841], 0.004284926
118.96987915039062, 187.8053894, 70000, 139, [1.2937934, 1.200543, 1.0783385, 1.1254117, 1.0322851, 1.161634, 1.1304954, 1.152316, 1.023292, 1.0214323], 0.006806793
118.37220764160156, 187.381485, 70000, 68, [1.2739378, 1.1885713, 1.1254581, 1.0955936, 1.0464779, 1.2030843, 1.13029, 1.1730745, 1.0730532, 1.0433769], 0.0049992343
119.81693267822266, 187.4491882, 70000, 846, [1.2491295, 1.0713019, 1.0573637, 1.0819427, 1.020898, 1.1121148, 1.0732673, 1.1811538, 1.0824074, 1.1063399], 0.0039132256
119.84630584716797, 187.6331024, 70000, 85, [1.0106342, 0.7471299, 1.0489609, 0.8595972, 0.7980361, 0.95308053, 1.1530111, 0.9426288, 0.8593202, 0.827272], 0.01414343
119.31220245361328, 188.0726318, 70000, 467, [1.1199005, 1.0839075, 1.0199457, 1.085833, 0.9828798, 1.2457833, 1.0976278, 1.1213132, 1.109845, 0.9446686], 0.0063373432
118.61015319824219, 187.4118652, 70000, 470, [1.1529765, 1.184347, 1.0186533, 1.098987, 1.0078697, 1.1517116, 1.1021687, 1.1948715, 1.178881, 1.1919634], 0.0043409476
119.67108154296875, 187.6136322, 70000, 506, [1.2104712, 0.915585, 0.98665327, 1.0940006, 0.95956737, 1.0903676, 1.1566268, 0.9498677, 0.9819171, 1.0726708], 0.008544298
119.15889739990234, 187.6261444, 70000, 83, [1.1488826, 0.980628, 1.0272751, 1.1141862, 0.7951674, 1.0846573, 1.0792956, 0.9486012, 0.97317314, 1.100064], 0.0098762205
119.44121551513672, 187.6196594, 70000, 5, [1.3324714, 0.7233217, 1.0353554, 1.0248078, 0.82667387, 1.0360407, 1.0628772, 0.7202785, 0.931657, 1.0203761], 0.02993904
119.66152954101562, 187.6612091, 70000, 209, [1.1148876, 1.0811316, 0.9866381, 0.93104553, 0.92153364, 0.9853445, 1.0773646, 1.0809523, 1.0240499, 1.1179359], 0.0047815694
136.41587829589844, 191.9259338, 70000, 3378, [0.55890465, 0.52381974, 0.51381016, 0.6865902, 0.56774086, 0.58263457, 0.499421, 0.8003233, 0.54475844, 0.6180835], 0.007630542
124.78276824951172, 189.4447632, 70000, 8, [1.266933, 1.4086281, 1.3308407, 1.4690224, 1.0743339, 1.3189667, 1.1416786, 1.1701472, 0.6836935, 0.8731961], 0.053821504
119.85736846923828, 188.2474365, 70000, 1084, [1.2062464, 1.0394816, 1.0382411, 1.0705037, 0.9782106, 1.0814711, 1.1398103, 1.1195804, 1.1895221, 1.0768661], 0.0044967765
118.65095520019531, 187.82164, 70000, 199, [1.0949023, 1.1334785, 0.9197292, 1.1544476, 0.8957972, 1.1247674, 1.1854424, 1.0079939, 0.9774224, 0.9390159], 0.0103478525
119.18439483642578, 186.429657, 80000, 90, [0.9604606, 1.1378026, 1.1078033, 0.90082717, 1.0121042, 1.1504617, 0.87896466, 1.0801924, 1.032995, 0.9915363], 0.008062726
118.79000091552734, 187.5988007, 80000, 276, [0.92475927, 0.9337597, 0.90565175, 0.84990835, 0.876598, 0.8882757, 0.8994011, 0.96564925, 0.9559041, 1.0167978], 0.0021360037
118.96987915039062, 187.8053894, 80000, 179, [0.94674164, 0.92804116, 0.95531255, 0.9013505, 0.9413165, 0.98704326, 0.938623, 0.98708624, 0.92889076, 0.94086045], 0.0006169255
118.37220764160156, 187.381485, 80000, 76, [0.9411352, 0.97744066, 0.9638009, 0.8657596, 0.9348765, 1.0129218, 0.9509744, 1.0126178, 0.9731837, 0.9832577], 0.001652699
119.81693267822266, 187.4491882, 80000, 995, [0.9234526, 0.8797046, 0.931459, 0.8601093, 0.9050806, 0.88602734, 0.9013546, 0.93626827, 0.9038295, 0.97876364], 0.001017486
119.84630584716797, 187.6331024, 80000, 98, [0.9672057, 0.81958526, 1.025733, 0.9541234, 1.0025269, 0.83808386, 1.2129105, 0.9598755, 0.9748815, 0.8166991], 0.01254355
119.31220245361328, 188.0726318, 80000, 551, [0.7898429, 0.77941674, 0.86282104, 0.8417045, 0.87061787, 1.1353455, 0.9693085, 1.0230386, 1.0033367, 0.89184576], 0.011559528
118.61015319824219, 187.4118652, 80000, 536, [0.92349565, 0.9869123, 0.86097395, 0.92975175, 0.93652415, 0.90256625, 0.97316533, 0.98097205, 0.9758447, 1.0103426], 0.0018599428
119.67108154296875, 187.6136322, 80000, 529, [1.0573692, 0.93184906, 0.91912955, 1.0305976, 1.0186434, 0.9577341, 1.0083085, 1.0029736, 0.8512531, 0.97596323], 0.0034266892
119.15889739990234, 187.6261444, 80000, 92, [1.0869465, 0.9574918, 1.0140597, 1.1385275, 0.94583887, 0.90398276, 1.0177956, 1.0466621, 0.9426488, 1.0418764], 0.0047525405
119.44121551513672, 187.6196594, 80000, 8, [1.3086972, 0.7724382, 0.9561483, 0.9799923, 0.9028717, 0.8794249, 1.1156037, 0.76487166, 0.99395686, 1.0440067], 0.023604477
119.66152954101562, 187.6612091, 80000, 225, [0.806132, 0.8971482, 0.82125485, 0.7436999, 0.81004256, 0.76363444, 0.9953785, 0.9427092, 0.9643075, 1.0492171], 0.009919686
136.41587829589844, 191.9259338, 80000, 3748, [0.55962473, 0.5793262, 0.5838418, 0.8734076, 0.6750687, 0.5282779, 0.65553504, 0.8619209, 0.37587667, 0.5252336], 0.021060038
124.78276824951172, 189.4447632, 80000, 15, [1.5136181, 1.5936061, 1.533559, 1.5876088, 1.6373639, 1.4051998, 1.5045898, 1.2728138, 0.8753168, 1.2021924], 0.04997475
119.85736846923828, 188.2474365, 80000, 1252, [0.9887914, 0.88366586, 0.91330606, 0.9056731, 0.87184083, 0.93925244, 0.9796641, 0.9612113, 1.0165917, 0.89294606], 0.002197335
118.65095520019531, 187.82164, 80000, 214, [0.8453244, 0.90336293, 0.83232695, 0.90115964, 0.8289003, 0.960978, 1.0202582, 0.8970441, 0.9473649, 0.8060127], 0.004157506
119.18439483642578, 186.429657, 90000, 99, [1.0900687, 1.2383583, 1.1530285, 1.2312281, 1.0585256, 1.2663282, 0.96903086, 1.1054238, 1.2551187, 1.0975456], 0.00883193
118.79000091552734, 187.5988007, 90000, 310, [1.1562041, 1.0749736, 1.0492321, 1.1686383, 1.0534998, 0.9528843, 1.0161017, 1.072993, 1.1426563, 1.0954871], 0.003976413
118.96987915039062, 187.8053894, 90000, 231, [1.1527233, 1.0670184, 1.0283171, 1.2328359, 1.1220081, 1.0107894, 1.0377854, 1.0386226, 1.0643375, 1.0261917], 0.004463921
118.37220764160156, 187.381485, 90000, 93, [1.1575334, 1.08843, 1.0660942, 1.2120119, 1.1314809, 1.0794451, 1.054995, 1.0979939, 1.1251692, 1.081707], 0.0020651536
119.81693267822266, 187.4491882, 90000, 1129, [1.139638, 1.0198301, 1.0739325, 1.1774344, 1.0559262, 0.9482062, 0.98963994, 1.0783057, 1.1118116, 1.0455954], 0.0042470247
119.84630584716797, 187.6331024, 90000, 100, [0.85277486, 0.8089962, 1.0272493, 1.2779047, 0.8863078, 1.0070914, 1.12347, 0.90408796, 1.1730171, 0.90775514], 0.021189721
119.31220245361328, 188.0726318, 90000, 649, [0.9955739, 0.8856281, 0.93712854, 1.1351202, 1.0313835, 1.1136063, 1.0101966, 1.0727196, 1.1533678, 1.0038388], 0.006666813
118.61015319824219, 187.4118652, 90000, 589, [1.0235393, 1.1302762, 1.0421588, 1.1769701, 1.0972222, 1.0091048, 1.0378247, 1.0415207, 1.1679814, 1.1385746], 0.0035879754
119.67108154296875, 187.6136322, 90000, 550, [1.0196831, 1.0338802, 1.0143734, 1.2345078, 1.1096307, 1.1194648, 1.1680135, 0.98091775, 1.077438, 1.051811], 0.005473551
119.15889739990234, 187.6261444, 90000, 92, [1.1143918, 0.9838818, 1.1006727, 1.3456087, 0.95851284, 1.0184724, 1.05026, 1.0429528, 1.1179641, 1.1412823], 0.010684779
119.44121551513672, 187.6196594, 90000, 13, [1.3141446, 0.95376515, 1.0481083, 1.230236, 0.9286941, 0.9546216, 1.1635047, 0.7723232, 1.1379157, 1.0955288], 0.023414709
119.66152954101562, 187.6612091, 90000, 245, [1.0160044, 1.0551655, 0.97349995, 1.0365868, 0.95266974, 0.8362976, 1.0855579, 0.96722275, 1.1377721, 1.0721855], 0.006519737
136.41587829589844, 191.9259338, 90000, 4059, [0.61864626, 0.47983298, 0.4666993, 0.6918066, 0.44817877, 0.70494574, 0.44964963, 0.70322293, 0.44930068, 0.6050734], 0.011640323
124.78276824951172, 189.4447632, 90000, 26, [1.3257039, 1.287499, 1.3177724, 1.4560359, 1.3229905, 1.5647184, 1.3703693, 1.171944, 0.85847896, 0.81616366], 0.05206337
119.85736846923828, 188.2474365, 90000, 1410, [1.146404, 0.99775803, 1.0235153, 1.1541471, 1.0601681, 1.0199097, 1.017931, 1.017421, 1.1726431, 1.0311749], 0.0040075216
118.65095520019531, 187.82164, 90000, 223, [1.0643725, 0.99964446, 0.91949946, 1.2694384, 0.99916375, 1.0117416, 1.0797459, 0.95435303, 1.0459931, 1.042284], 0.008078841
119.18439483642578, 186.429657, 100000, 102, [1.0954862, 1.4511681, 1.3495687, 1.0908966, 1.1689973, 1.2715479, 1.1523597, 1.230792, 1.3139266, 1.2712575], 0.011995615
118.79000091552734, 187.5988007, 100000, 343, [1.2292879, 1.2579292, 1.182249, 1.1157382, 1.1559126, 1.0457873, 1.1329209, 1.159591, 1.3241764, 1.2210991], 0.0056278133
118.96987915039062, 187.8053894, 100000, 267, [1.2183484, 1.2691927, 1.2076957, 1.1802412, 1.1905916, 1.1047246, 1.1920763, 1.1255381, 1.2493445, 1.1341813], 0.0025474099
118.37220764160156, 187.381485, 100000, 105, [1.2408782, 1.3034236, 1.2347103, 1.149644, 1.2172865, 1.1521615, 1.1940901, 1.1861885, 1.3089379, 1.1951637], 0.0027481844
119.81693267822266, 187.4491882, 100000, 1271, [1.2121426, 1.1883056, 1.1761966, 1.1114236, 1.1646554, 1.0434287, 1.1116009, 1.1576339, 1.2799672, 1.1636288], 0.0036497898
119.84630584716797, 187.6331024, 100000, 110, [0.86741924, 0.9194728, 1.3102212, 1.0924839, 1.1077183, 1.0825192, 1.3748125, 0.99454886, 1.2826654, 1.1054074], 0.024945192
119.31220245361328, 188.0726318, 100000, 730, [1.0134935, 1.1042587, 1.1604635, 1.0877907, 1.1126202, 1.2456139, 1.1828184, 1.1972632, 1.3482386, 1.187444], 0.0077296346
118.61015319824219, 187.4118652, 100000, 644, [1.08331, 1.3435788, 1.1903337, 1.1223549, 1.2001549, 1.16202, 1.1819422, 1.1334064, 1.3634381, 1.241451], 0.0074938787
119.67108154296875, 187.6136322, 100000, 573, [1.1058502, 1.099813, 1.2164248, 1.1331813, 1.226648, 1.1823907, 1.2281044, 1.0665112, 1.211681, 1.2187043], 0.0034098856
119.15889739990234, 187.6261444, 100000, 97, [1.0909749, 1.0942657, 1.2821964, 1.1519194, 1.1205148, 1.0714917, 1.1671441, 1.1211605, 1.2730845, 1.24117], 0.005439236
119.44121551513672, 187.6196594, 100000, 13, [1.3197666, 0.94502985, 1.1847624, 1.0207105, 1.1944277, 1.1269016, 1.1742623, 0.86476296, 1.343982, 1.2985904], 0.023285015
119.66152954101562, 187.6612091, 100000, 254, [1.1769857, 1.25962, 1.0604784, 0.99094516, 1.1522706, 1.043046, 1.2063894, 1.1622498, 1.3425416, 1.2580378], 0.010724829
136.41587829589844, 191.9259338, 100000, 4344, [0.6078769, 0.3524036, 0.49192768, 0.5673805, 0.5605478, 0.4784572, 0.62379384, 0.7001331, 0.6916034, 0.5833488], 0.0097967535
124.78276824951172, 189.4447632, 100000, 44, [1.3088969, 1.180928, 1.2697061, 1.468107, 1.3225207, 1.2774941, 1.3507677, 1.1802093, 0.97870797, 0.99565774], 0.021273915
119.85736846923828, 188.2474365, 100000, 1568, [1.1325815, 1.0976613, 1.0664802, 1.0804067, 1.016536, 1.0770693, 1.0867981, 1.0893184, 1.297462, 1.0895833], 0.0049339794
118.65095520019531, 187.82164, 100000, 241, [1.115104, 1.2444682, 1.1059691, 1.1625589, 1.047969, 1.1767855, 1.2477515, 1.1102492, 1.2436045, 1.1415132], 0.0042414446
119.18439483642578, 186.429657, 110000, 108, [0.9898929, 1.15498, 1.2349201, 0.93744457, 1.0947055, 1.0309181, 1.077001, 1.1346267, 1.1051077, 1.1686575], 0.0070527582
118.79000091552734, 187.5988007, 110000, 381, [1.1336375, 0.9687417, 1.0950011, 0.96185327, 1.0954059, 0.8774629, 1.0780632, 1.0117478, 1.0714751, 1.1197703], 0.006204955
118.96987915039062, 187.8053894, 110000, 295, [1.1460215, 0.948345, 1.0846336, 1.0063024, 1.1880816, 0.86494523, 1.0846786, 0.98262554, 0.9790915, 1.0099161], 0.008413406
118.37220764160156, 187.381485, 110000, 121, [1.1520156, 0.98051566, 1.0904874, 0.9777209, 1.1835228, 0.9363722, 1.1209522, 1.030467, 1.035939, 1.0737908], 0.0058348975
119.81693267822266, 187.4491882, 110000, 1421, [1.1452118, 0.9170937, 1.1160423, 0.9622524, 1.1119628, 0.8849604, 1.0585393, 1.0314889, 1.0341936, 1.0921485], 0.0070175277
119.84630584716797, 187.6331024, 110000, 117, [0.78922325, 0.6990795, 1.1336898, 0.96666855, 0.91102177, 0.87821066, 1.3719511, 0.8844336, 1.0162443, 0.9810699], 0.031546667
119.31220245361328, 188.0726318, 110000, 807, [0.88073003, 0.79373974, 0.9978447, 0.9561789, 1.1357324, 0.9869274, 1.0516402, 1.0322238, 1.0782211, 1.0326902], 0.008788763
118.61015319824219, 187.4118652, 110000, 692, [0.9750751, 0.9906737, 1.088843, 0.94504434, 1.1327697, 0.8206393, 1.052702, 1.0138625, 1.0826405, 1.1527033], 0.008803676
119.67108154296875, 187.6136322, 110000, 599, [0.9996681, 0.8844447, 1.0570637, 0.9338827, 1.0472647, 0.8730306, 1.0955422, 0.9771323, 0.96640575, 1.045049], 0.0050692884
119.15889739990234, 187.6261444, 110000, 100, [1.0285488, 0.90855616, 1.1135188, 1.0058478, 0.96601427, 0.8830969, 1.1018333, 0.9818585, 1.0186784, 1.0949311], 0.0055920538
119.44121551513672, 187.6196594, 110000, 21, [1.0930068, 0.78712827, 0.97048277, 0.9346949, 0.9266113, 0.8325775, 1.0954369, 0.71745837, 1.0588304, 1.1474206], 0.018760838
119.66152954101562, 187.6612091, 110000, 262, [1.0345091, 0.97799915, 0.99205554, 0.8733521, 1.0431156, 0.7567628, 1.1081543, 1.0247535, 1.0520945, 1.1255896], 0.010958418
136.41587829589844, 191.9259338, 110000, 4656, [0.6525261, 0.4898811, 0.53805536, 0.5633176, 0.6749741, 0.6447166, 0.6286608, 0.60345733, 0.56402737, 0.57750136], 0.0029926784
124.78276824951172, 189.4447632, 110000, 57, [1.1120951, 1.2223487, 1.1518025, 1.1860301, 1.2341216, 1.3033137, 1.2676606, 0.8912193, 0.99539846, 1.0096246], 0.016137509
119.85736846923828, 188.2474365, 110000, 1743, [1.0236602, 0.88869905, 1.0059135, 0.9763529, 1.0397327, 0.927299, 1.0196054, 0.9238165, 1.0819108, 1.004071], 0.0032133467
118.65095520019531, 187.82164, 110000, 264, [0.96647364, 0.95772177, 0.99887925, 1.0979147, 1.0635858, 0.8956777, 1.159421, 0.9264103, 0.9823374, 1.0368041], 0.005919696
119.18439483642578, 186.429657, 120000, 119, [1.1042628, 1.23564, 1.2533994, 1.0695335, 1.1191702, 1.1211755, 1.2052113, 1.1427723, 1.1039579, 1.0587502], 0.0041178875
118.79000091552734, 187.5988007, 120000, 442, [1.1081978, 1.073521, 1.0506165, 1.0718842, 1.012709, 0.98313403, 1.0454032, 0.96243596, 1.0567503, 1.0073538], 0.0018195802
118.96987915039062, 187.8053894, 120000, 343, [1.098531, 1.037036, 1.0152609, 1.1263562, 1.1204093, 0.98487693, 1.0537615, 0.90439355, 0.9758735, 0.9197303], 0.0055481694
118.37220764160156, 187.381485, 120000, 147, [1.1194797, 1.0977567, 1.0414385, 1.1059115, 1.1235466, 1.0463952, 1.0933442, 0.9759848, 1.060642, 0.98717695], 0.0024846015
119.81693267822266, 187.4491882, 120000, 1566, [1.084872, 1.0368884, 1.0843691, 1.0585108, 1.0051992, 0.9793448, 1.0240505, 0.98787946, 1.0319741, 0.98564863], 0.0013743542
119.84630584716797, 187.6331024, 120000, 120, [0.8153911, 0.69595355, 1.0684487, 0.98882514, 0.7214435, 0.88218105, 1.2950107, 0.9139246, 1.051383, 0.819062], 0.02966221
119.31220245361328, 188.0726318, 120000, 910, [0.88051975, 0.83482957, 0.8984377, 1.0276977, 1.0476631, 1.079277, 0.99624693, 1.0021484, 1.0459327, 0.92932034], 0.006166699
118.61015319824219, 187.4118652, 120000, 733, [1.1286039, 1.1636752, 1.1356996, 1.1414398, 1.0797187, 1.0201064, 1.1199604, 0.97092366, 1.1258713, 1.1112214], 0.0032512336
119.67108154296875, 187.6136322, 120000, 630, [1.1135855, 1.0825366, 1.1364377, 1.1100721, 1.0918745, 1.0662531, 1.1472398, 1.0404032, 1.0547078, 0.98155844], 0.0021912619
119.15889739990234, 187.6261444, 120000, 104, [1.0743979, 0.96098953, 1.149582, 1.0553157, 0.8995551, 0.9274385, 1.1050466, 1.0499346, 1.0642296, 0.90211767], 0.0071523217
119.44121551513672, 187.6196594, 120000, 28, [1.1478305, 0.88095057, 1.0344198, 0.93302053, 0.8170738, 0.9126685, 1.0469953, 0.78245723, 1.1127176, 0.9172663], 0.01346806
119.66152954101562, 187.6612091, 120000, 275, [0.98059, 1.0697191, 0.97647226, 0.9536939, 0.99901766, 0.9030589, 1.0523183, 0.9078075, 1.0317314, 1.0193564], 0.002882348
136.41587829589844, 191.9259338, 120000, 4951, [0.41717154, 0.47007227, 0.4628103, 0.4046203, 0.44692707, 0.45591626, 0.31865868, 0.5261605, 0.41214168, 0.42246142], 0.0026332203
124.78276824951172, 189.4447632, 120000, 71, [0.85057384, 1.1360257, 1.0486087, 1.1958214, 0.97347057, 0.97625494, 0.962144, 0.81430626, 0.73844796, 0.81871855], 0.019641183
119.85736846923828, 188.2474365, 120000, 1967, [1.0244802, 0.96623087, 0.97745013, 1.0172676, 0.97594213, 0.99479246, 0.9522151, 0.89828855, 1.0226724, 0.93712676], 0.0014794099
118.65095520019531, 187.82164, 120000, 309, [0.9616149, 0.9810846, 0.85395575, 1.073843, 0.9911907, 0.9698676, 1.066528, 0.86549246, 0.9133583, 0.87956154], 0.005445943
119.18439483642578, 186.429657, 130000, 128, [1.2077119, 1.3597633, 1.37373, 1.0059488, 1.1491263, 1.3309845, 1.2108988, 1.3099699, 1.208749, 1.3033003], 0.011494966
118.79000091552734, 187.5988007, 130000, 497, [1.0828776, 1.0437899, 1.0548667, 0.94785136, 0.99160564, 1.1061645, 1.0221586, 1.0697365, 1.1074499, 1.1561011], 0.003318218
118.96987915039062, 187.8053894, 130000, 398, [1.110172, 1.0211203, 1.0184385, 0.9929902, 1.0775533, 1.1088703, 1.0360724, 0.9742613, 0.96938944, 1.0815891], 0.002515214
118.37220764160156, 187.381485, 130000, 172, [1.1199765, 1.0629466, 1.0385344, 0.96152395, 1.0824041, 1.1664517, 1.0763658, 1.0534056, 1.071803, 1.1617267], 0.0032589138
119.81693267822266, 187.4491882, 130000, 1713, [1.0912653, 1.0348877, 1.0925517, 0.9658277, 1.0138128, 1.0995947, 1.0060282, 1.0968467, 1.1137881, 1.1454601], 0.002934366
119.84630584716797, 187.6331024, 130000, 130, [0.9605964, 0.93161494, 1.2291025, 0.99869376, 0.9417991, 1.1585851, 1.2070642, 1.108856, 1.2009414, 1.1005968], 0.012227846
119.31220245361328, 188.0726318, 130000, 1006, [0.9591032, 0.90719366, 0.96636647, 0.934225, 1.0270889, 1.1869926, 1.0224009, 1.1225516, 1.0729072, 1.1245717], 0.0077338605
118.61015319824219, 187.4118652, 130000, 785, [1.0678272, 1.1147542, 1.0326594, 0.96763825, 1.0148776, 1.0473799, 1.0302695, 1.077645, 1.108319, 1.2483969], 0.005235127
119.67108154296875, 187.6136322, 130000, 659, [1.1662014, 1.1131045, 1.081749, 1.0236759, 1.0341172, 1.0774275, 1.0724738, 1.0633104, 1.0727383, 1.1789118], 0.0023284622
119.15889739990234, 187.6261444, 130000, 115, [1.0984567, 1.0740219, 1.243851, 1.0233327, 0.97286063, 1.0428545, 1.0416267, 1.175832, 1.1428971, 1.1115644], 0.005728151
119.44121551513672, 187.6196594, 130000, 35, [1.2207861, 0.8781771, 1.0871227, 0.8572611, 0.9232642, 1.0482798, 0.937895, 0.9309832, 1.2723035, 1.1567652], 0.019732948
119.66152954101562, 187.6612091, 130000, 280, [0.90579337, 0.9987921, 0.95225626, 0.80183935, 0.9829889, 0.97412795, 0.9974983, 1.0617458, 1.1103232, 1.1586564], 0.009223068
136.41587829589844, 191.9259338, 130000, 5231, [0.5175316, 0.51308656, 0.49035683, 0.5632082, 0.5134589, 0.57700723, 0.46120206, 0.6409792, 0.6652647, 0.6181463], 0.0041942457
124.78276824951172, 189.4447632, 130000, 81, [0.8827863, 1.1557658, 1.0797383, 1.0343083, 0.9820382, 1.1397214, 0.9046166, 0.9771279, 0.9164957, 0.8496281], 0.010398292
119.85736846923828, 188.2474365, 130000, 2164, [0.995277, 1.0721797, 1.0260346, 0.96251917, 0.9736338, 1.1020392, 0.9687628, 1.0166025, 1.1420922, 1.1065953], 0.0037849857
118.65095520019531, 187.82164, 130000, 345, [1.0743574, 1.0302303, 0.99269706, 0.99786234, 0.9816991, 1.1539814, 1.1101408, 1.015064, 0.9329853, 1.062443], 0.0038941558
119.18439483642578, 186.429657, 140000, 136, [1.1526983, 1.3223683, 1.2896497, 1.0849477, 1.0985444, 1.1943064, 1.2434995, 1.2384884, 1.1637353, 1.2269439], 0.0054202834
118.79000091552734, 187.5988007, 140000, 550, [1.0176181, 1.0646845, 1.0510691, 0.9961797, 0.93309164, 1.0807599, 1.0895721, 1.0489092, 1.1015944, 1.1269885], 0.0028921133
118.96987915039062, 187.8053894, 140000, 465, [1.1095277, 1.0564787, 0.9968864, 1.040939, 1.0281286, 1.0572184, 1.1283476, 0.9907096, 1.0260587, 1.0693191], 0.001761796
118.37220764160156, 187.381485, 140000, 202, [1.0980978, 1.0835501, 1.0288743, 1.0139452, 1.0302957, 1.1273112, 1.1751522, 1.0365435, 1.1118562, 1.1397225], 0.002734442
119.81693267822266, 187.4491882, 140000, 1835, [1.0418801, 1.0361209, 1.1038661, 0.99931234, 0.9385126, 1.0687044, 1.0803101, 1.080193, 1.0956012, 1.1237551], 0.0027392365
119.84630584716797, 187.6331024, 140000, 139, [0.9402645, 0.9513886, 1.1230032, 0.938159, 0.93853897, 1.0425444, 1.3527795, 0.9491839, 1.0281379, 1.0164889], 0.015070488
119.31220245361328, 188.0726318, 140000, 1123, [0.97794914, 0.9313087, 0.9384004, 0.984728, 0.975027, 1.0869683, 1.0366031, 1.1165935, 1.1363642, 1.1236581], 0.0056778165
118.61015319824219, 187.4118652, 140000, 830, [1.1266509, 1.1418447, 1.0631986, 1.0143195, 1.0148965, 1.0151631, 1.1794927, 1.0784796, 1.1414294, 1.2416955], 0.0054143397
119.67108154296875, 187.6136322, 140000, 686, [1.0535777, 1.092739, 1.0115064, 1.0485411, 1.0428164, 1.0552704, 1.1767406, 0.9729859, 1.0246272, 1.1071393], 0.0028567088
119.15889739990234, 187.6261444, 140000, 118, [1.082455, 0.9864376, 1.0963405, 1.0229535, 1.025138, 0.9838825, 1.1546477, 1.0471212, 1.0714959, 1.050324], 0.002434047
119.44121551513672, 187.6196594, 140000, 38, [1.1361127, 0.77037275, 0.9577184, 0.7800319, 0.90498155, 0.98358417, 1.0653538, 0.7907482, 1.1461666, 1.0613843], 0.018763224
119.66152954101562, 187.6612091, 140000, 290, [0.89422643, 1.0036737, 0.9390317, 0.84739035, 0.96755826, 0.924151, 1.1059946, 0.98207587, 1.049539, 1.1064295], 0.006711391
136.41587829589844, 191.9259338, 140000, 5524, [0.5119431, 0.42312157, 0.70762503, 0.6348496, 0.4595204, 0.42906183, 0.5606814, 0.78236693, 0.49918327, 0.60721785], 0.013103321
124.78276824951172, 189.4447632, 140000, 94, [1.0138242, 1.1620575, 1.1060107, 1.1510478, 1.0256169, 1.0781628, 1.2094672, 0.8430212, 0.878592, 1.1430451], 0.013368052
119.85736846923828, 188.2474365, 140000, 2321, [0.94177234, 1.0792822, 0.98406905, 1.0070015, 0.8859499, 1.018643, 1.0010095, 1.0009836, 1.122189, 1.0903453], 0.0044705807
118.65095520019531, 187.82164, 140000, 378, [1.0948577, 1.097487, 0.9694606, 1.0806726, 0.9239287, 1.0949259, 1.1515223, 0.9763486, 1.000828, 1.0863713], 0.0049023316
119.18439483642578, 186.429657, 150000, 145, [1.1476467, 1.1775978, 1.1658, 1.0171754, 1.0832068, 1.1387522, 0.99868715, 1.1081567, 1.0816826, 0.9460839], 0.005379323
118.79000091552734, 187.5988007, 150000, 618, [0.94116145, 0.94877386, 0.8275987, 0.9781093, 0.90074867, 0.9631524, 0.8867097, 0.9528437, 0.95658433, 0.83420694], 0.0026298773
118.96987915039062, 187.8053894, 150000, 505, [0.9866706, 0.90802336, 0.8288699, 0.9853614, 1.0103952, 0.9552014, 0.934475, 0.88304967, 0.8697044, 0.8068714], 0.0043379767
118.37220764160156, 187.381485, 150000, 227, [0.99919415, 0.9532705, 0.8702204, 0.98861885, 1.0003756, 1.0032138, 0.9754318, 0.9456451, 0.9370774, 0.8562968], 0.0025183284
119.81693267822266, 187.4491882, 150000, 1959, [0.9432225, 0.9520791, 0.8325925, 0.9750773, 0.9108879, 0.9543944, 0.8692953, 0.98931324, 0.9207311, 0.82232654], 0.003033339
119.84630584716797, 187.6331024, 150000, 148, [0.9335104, 0.98111045, 1.0396785, 1.1337895, 0.96019626, 1.1283478, 1.2026223, 0.9536575, 1.0722144, 0.8171852], 0.011920649
119.31220245361328, 188.0726318, 150000, 1210, [0.8669176, 0.8196037, 0.80343723, 0.93762904, 0.9770969, 1.0008651, 0.88789546, 0.99420255, 0.9151024, 0.87623566], 0.0043605627
118.61015319824219, 187.4118652, 150000, 896, [1.0032102, 0.97971946, 0.92100966, 1.0199157, 0.94853055, 0.92702574, 1.0111767, 0.899842, 1.0173298, 0.9742625], 0.0017272271
119.67108154296875, 187.6136322, 150000, 721, [1.0107324, 0.97462827, 0.9067819, 1.0874368, 0.9738183, 0.9918801, 0.96940607, 0.88235784, 0.97124994, 0.8871546], 0.0034309719
119.15889739990234, 187.6261444, 150000, 130, [1.0368906, 0.9336544, 0.9648209, 1.1556119, 0.98102754, 1.0045823, 0.9579778, 1.0271134, 1.0460913, 0.855005], 0.005710662
119.44121551513672, 187.6196594, 150000, 38, [1.09484, 0.7176133, 0.83651674, 0.9556817, 0.8410776, 0.94307524, 0.9314768, 0.81894344, 1.1487457, 0.83988374], 0.0155100105
119.66152954101562, 187.6612091, 150000, 295, [0.7851402, 0.8435414, 0.8108307, 0.7916876, 0.8829819, 0.82443017, 0.89202356, 0.91542345, 0.89299804, 0.8577949], 0.0018879503
136.41587829589844, 191.9259338, 150000, 5794, [0.51450986, 0.5752251, 0.54149824, 0.50881714, 0.47411785, 0.54762375, 0.56815296, 0.63672274, 0.55582374, 0.5155113], 0.00181173
124.78276824951172, 189.4447632, 150000, 101, [0.8132285, 1.4639502, 1.0795984, 1.2812673, 0.9707275, 1.2259835, 0.856143, 0.9956327, 0.9864044, 0.95403695], 0.037120786
119.85736846923828, 188.2474365, 150000, 2503, [0.9894611, 0.95729077, 0.778904, 0.9404265, 0.8611553, 0.9517484, 0.83930004, 0.90519977, 0.9697662, 0.80142975], 0.0050062984
118.65095520019531, 187.82164, 150000, 431, [0.9602127, 0.99491036, 0.8607205, 1.0453439, 0.9212244, 0.9892824, 0.989053, 0.9317278, 0.7960786, 0.8738651], 0.0051008128
119.40232849121094, 187.9236298, 0, 0, [5.2545013, 0.8644341, 1.8604941, 4.5058703, -4.4421105, 1.0256823, -1.5279553, 0.5302472, 1.3157761, 0.5707148], 6.7663016
119.52047729492188, 189.5007935, 0, 0, [4.949113, 0.649627, 1.9655035, 5.452456, -3.7652419, 0.35217312, -0.9585834, 0.82261866, 1.2581103, 0.40645292], 6.376026
119.54743957519531, 189.5035858, 0, 0, [4.7505527, 0.42836785, 2.0875645, 5.177774, -3.781504, 0.2651185, -1.0484855, 0.7285305, 1.1689379, 0.42897755], 6.105319
119.64584350585938, 189.4904022, 0, 0, [4.7698317, 0.30925345, 2.2630186, 4.9498453, -3.7806463, 0.2352978, -1.049895, 0.8068697, 1.1764877, 0.38016063], 5.9978957
119.68234252929688, 189.4959259, 0, 0, [4.69351, 0.35787666, 2.1089866, 5.0907416, -3.751417, 0.22489345, -1.0570481, 0.7187636, 1.1256341, 0.45075125], 5.982297
119.88687896728516, 187.8945313, 0, 0, [0.31184697, 1.6775348, 0.14114475, 0.05277446, -0.8978306, -2.1080341, -0.44204283, -0.025564432, -3.841425, -5.5493035], 4.2523193
119.800537109375, 188.734436, 0, 0, [-0.68952626, 1.2736273, 0.73316693, -0.18088618, -0.40587914, -2.999604, -0.16665348, 0.14436212, -1.8158559, -5.4045286], 3.5337672
119.70832824707031, 189.3366394, 0, 0, [-0.22320583, 0.6801778, -0.483189, -0.0017945468, -3.5826929, -2.5261996, -0.4229775, -0.128555, -3.8823423, -4.8882327], 3.5228043
118.5953369140625, 186.4655457, 0, 0, [3.502829, -2.591788, 1.8909909, 1.515965, -4.6475205, -1.1113708, -1.4158804, 0.21959305, -0.4211747, -0.5696537], 4.893435
118.74722290039062, 188.9207001, 0, 0, [0.014713734, 1.7027485, -0.3155917, 0.52315694, -1.3193015, -3.006791, 0.19020092, 0.486912, -4.8609557, -5.7355046], 5.567312
118.93579864501953, 188.6872864, 0, 0, [0.53410643, 2.5521953, 0.96891713, 1.4318439, -0.004591644, -4.2566643, 0.76106364, 1.427475, -5.057263, -6.1417947], 8.776144
119.44721221923828, 187.8569489, 0, 0, [5.3283863, 0.08651745, 1.8972311, 5.9648952, -2.9043763, 0.13526878, -0.43481994, 2.4237294, 1.3321071, 0.41882062], 6.374593
119.20613098144531, 186.4680939, 0, 0, [5.374147, -0.33311123, 1.4066035, 1.4661015, -2.417955, -1.4336579, -0.5332118, 1.2548133, -0.47608137, -0.72685343], 4.2353916
119.58065032958984, 186.0286255, 0, 0, [5.083104, -0.198143, 1.3685795, 1.1480958, -3.2238998, -1.0691377, -0.89939004, 0.5543455, -0.32198632, -0.55954003], 4.1783686
118.8431625366211, 186.4721985, 0, 0, [4.7999806, -0.7191181, 1.2119383, 1.1787298, -3.5589693, -1.392822, -0.77795255, 0.6453525, -0.3942858, -0.8300742], 4.288489
119.2718505859375, 186.2857819, 0, 0, [3.8778043, -2.0214238, 1.371927, 1.0945185, -4.1962647, -1.3292735, -1.3094782, 0.15189749, -0.6598125, -0.56858814], 4.2787867
119.14299774169922, 186.3732452, 0, 0, [5.153885, -0.30442548, 1.3694774, 1.3460054, -2.715989, -1.2462478, -0.5883436, 1.2731404, -0.4847923, -0.862062], 4.1352596
