119.40232849121094, 187.9236298, 0, 0, [5.2545013, 0.8644341, 1.8604941, 4.5058703, -4.4421105, 1.0256823, -1.5279553, 0.5302472, 1.3157761, 0.5707148], 6.7663016
119.52047729492188, 189.5007935, 0, 0, [4.949113, 0.649627, 1.9655035, 5.452456, -3.7652419, 0.35217312, -0.9585834, 0.82261866, 1.2581103, 0.40645292], 6.376026
119.54743957519531, 189.5035858, 0, 0, [4.7505527, 0.42836785, 2.0875645, 5.177774, -3.781504, 0.2651185, -1.0484855, 0.7285305, 1.1689379, 0.42897755], 6.105319
119.64584350585938, 189.4904022, 0, 0, [4.7698317, 0.30925345, 2.2630186, 4.9498453, -3.7806463, 0.2352978, -1.049895, 0.8068697, 1.1764877, 0.38016063], 5.9978957
119.68234252929688, 189.4959259, 0, 0, [4.69351, 0.35787666, 2.1089866, 5.0907416, -3.751417, 0.22489345, -1.0570481, 0.7187636, 1.1256341, 0.45075125], 5.982297
119.88687896728516, 187.8945313, 0, 0, [0.31184697, 1.6775348, 0.14114475, 0.05277446, -0.8978306, -2.1080341, -0.44204283, -0.025564432, -3.841425, -5.5493035], 4.2523193
119.800537109375, 188.734436, 0, 0, [-0.68952626, 1.2736273, 0.73316693, -0.18088618, -0.40587914, -2.999604, -0.16665348, 0.14436212, -1.8158559, -5.4045286], 3.5337672
119.70832824707031, 189.3366394, 0, 0, [-0.22320583, 0.6801778, -0.483189, -0.0017945468, -3.5826929, -2.5261996, -0.4229775, -0.128555, -3.8823423, -4.8882327], 3.5228043
118.5953369140625, 186.4655457, 0, 0, [3.502829, -2.591788, 1.8909909, 1.515965, -4.6475205, -1.1113708, -1.4158804, 0.21959305, -0.4211747, -0.5696537], 4.893435
118.74722290039062, 188.9207001, 0, 0, [0.014713734, 1.7027485, -0.3155917, 0.52315694, -1.3193015, -3.006791, 0.19020092, 0.486912, -4.8609557, -5.7355046], 5.567312
118.93579864501953, 188.6872864, 0, 0, [0.53410643, 2.5521953, 0.96891713, 1.4318439, -0.004591644, -4.2566643, 0.76106364, 1.427475, -5.057263, -6.1417947], 8.776144
119.44721221923828, 187.8569489, 0, 0, [5.3283863, 0.08651745, 1.8972311, 5.9648952, -2.9043763, 0.13526878, -0.43481994, 2.4237294, 1.3321071, 0.41882062], 6.374593
119.20613098144531, 186.4680939, 0, 0, [5.374147, -0.33311123, 1.4066035, 1.4661015, -2.417955, -1.4336579, -0.5332118, 1.2548133, -0.47608137, -0.72685343], 4.2353916
119.58065032958984, 186.0286255, 0, 0, [5.083104, -0.198143, 1.3685795, 1.1480958, -3.2238998, -1.0691377, -0.89939004, 0.5543455, -0.32198632, -0.55954003], 4.1783686
118.8431625366211, 186.4721985, 0, 0, [4.7999806, -0.7191181, 1.2119383, 1.1787298, -3.5589693, -1.392822, -0.77795255, 0.6453525, -0.3942858, -0.8300742], 4.288489
119.2718505859375, 186.2857819, 0, 0, [3.8778043, -2.0214238, 1.371927, 1.0945185, -4.1962647, -1.3292735, -1.3094782, 0.15189749, -0.6598125, -0.56858814], 4.2787867
119.14299774169922, 186.3732452, 0, 0, [5.153885, -0.30442548, 1.3694774, 1.3460054, -2.715989, -1.2462478, -0.5883436, 1.2731404, -0.4847923, -0.862062], 4.1352596
119.40232849121094, 187.9236298, 10000, 0, [0.51237744, 1.6904832, 1.3104327, 0.30294657, 0.42001498, 0.68365216, 0.9143771, 0.086068414, 0.9207523, 1.6316028], 0.27477953
119.52047729492188, 189.5007935, 10000, 0, [0.7236511, 1.3189541, 0.9526392, 0.9482785, 0.61963886, 0.85210025, 1.0251973, 0.2572421, 0.90284437, 1.0450492], 0.07299191
119.54743957519531, 189.5035858, 10000, 0, [0.6951247, 1.209696, 0.90217924, 0.8373575, 0.5480325, 0.8715627, 0.9344232, 0.2390192, 0.90632045, 1.0390509], 0.06571728
119.64584350585938, 189.4904022, 10000, 0, [0.76878524, 1.1540325, 1.0018663, 0.78342795, 0.4468023, 0.91870725, 0.9223304, 0.38376504, 0.9594881, 1.0565093], 0.056996875
119.68234252929688, 189.4959259, 10000, 0, [0.69804984, 1.1677042, 0.887626, 0.80454934, 0.5443862, 0.8842698, 0.9188887, 0.24013214, 0.91490954, 1.0298519], 0.06185451
119.88687896728516, 187.8945313, 10000, 33, [1.1111872, 1.1937113, 1.3463199, 1.2898151, 1.1218331, 0.8737744, 0.9971728, 1.4176785, 1.0486417, 1.2397801], 0.024998514
119.800537109375, 188.734436, 10000, 0, [0.80413836, 0.5352548, 1.2419393, 0.28807664, 1.2398164, -0.13963716, 0.85725236, 0.98968005, 0.6528275, 1.0127664], 0.16832045
119.70832824707031, 189.3366394, 10000, 0, [1.0576134, 1.3825849, 1.554382, 0.5812187, 1.4701762, 1.0739685, 0.9316014, 1.7285432, 1.4302486, 1.0335649], 0.10771291
118.5953369140625, 186.4655457, 10000, 0, [1.5229436, 1.2681456, 1.3623056, 0.8268967, 0.9519656, 1.0937682, 1.33532, 1.1427373, 1.0636176, 1.2976433], 0.039520353
118.74722290039062, 188.9207001, 10000, 0, [0.84585285, 1.124116, 1.3103808, 1.4953923, 1.3641807, 0.5633025, 1.2323772, 1.0012683, 0.8894415, 1.1171564], 0.06951845
118.93579864501953, 188.6872864, 10000, 0, [0.8496812, 1.1823083, 1.5891986, 1.5942664, 1.2696745, -0.4367309, 1.2182453, 1.1303549, 0.7641056, 0.6822613], 0.3111834
119.44721221923828, 187.8569489, 10000, 0, [0.9703921, 1.512023, 1.3176494, 1.3847764, 1.3037655, 1.3696448, 1.4155562, 0.9726608, 1.252346, 1.2250985], 0.028672114
119.20613098144531, 186.4680939, 10000, 12, [1.3065239, 1.1454651, 1.1829107, 1.3281767, 1.0778403, 1.2225932, 0.98536646, 1.1715386, 0.84176654, 1.069647], 0.019403158
119.58065032958984, 186.0286255, 10000, 50, [1.4245317, 1.2125106, 1.333322, 1.283778, 1.0349913, 1.335365, 0.94051677, 1.1815716, 0.8200091, 1.1269807], 0.032892264
118.8431625366211, 186.4721985, 10000, 10, [1.4106604, 1.2931292, 1.3411313, 1.2922848, 1.0089989, 1.1967382, 0.91601163, 1.2348493, 0.8194279, 1.1066415], 0.033894263
119.2718505859375, 186.2857819, 10000, 0, [1.3847045, 1.2918167, 1.391757, 1.0506959, 0.9913603, 1.1693443, 1.0854373, 1.2862958, 0.9661568, 1.2488154], 0.022193065
119.14299774169922, 186.3732452, 10000, 12, [1.2485919, 1.135492, 1.199631, 1.297034, 1.0855274, 1.2297757, 1.0581559, 1.1983008, 0.83338267, 1.0631313], 0.016081555
119.40232849121094, 187.9236298, 20000, 0, [1.067056, 1.3614895, 1.5921596, 0.5706487, 0.6526673, 0.8741477, 0.9572911, 0.62772447, 0.8063204, 1.7140226], 0.14894024
119.52047729492188, 189.5007935, 20000, 18, [1.0177757, 1.2044241, 1.0970894, 1.0918401, 0.759725, 1.01006, 0.8701781, 0.8518478, 0.79696655, 1.095408], 0.02027379
119.54743957519531, 189.5035858, 20000, 2, [0.9826698, 1.0766033, 1.0599238, 0.9732391, 0.7581184, 0.9908349, 0.86048126, 0.7590231, 0.8148611, 1.0980725], 0.015128687
119.64584350585938, 189.4904022, 20000, 18, [1.035524, 1.0234555, 1.1282063, 0.88930386, 0.7127985, 0.99497503, 0.84227276, 0.8146643, 0.86769265, 1.0945407], 0.016309379
119.68234252929688, 189.4959259, 20000, 2, [0.97625154, 1.0252823, 1.0450815, 0.94515693, 0.77394086, 0.9961385, 0.86425996, 0.7441952, 0.8325772, 1.0963519], 0.01294294
119.88687896728516, 187.8945313, 20000, 60, [0.37878162, 0.8020244, 0.53476936, 0.79013664, 1.0131304, 0.64386874, 0.81533366, 0.93235964, 0.5252775, 0.76890427], 0.03486005
119.800537109375, 188.734436, 20000, 0, [0.1725078, 0.13224727, 0.23989008, 0.1290416, 1.1971016, -0.45274943, 0.365856, 0.40956324, 0.2167071, 0.86286587], 0.17813005
119.70832824707031, 189.3366394, 20000, 0, [1.0734731, 1.3634399, 1.1559043, 0.6384397, 1.5467324, 0.8132196, 0.6255262, 1.5220795, 0.9897158, 0.8825141], 0.101569094
118.5953369140625, 186.4655457, 20000, 0, [1.1581138, 1.0410343, 1.2585621, 1.0075073, 0.95511466, 0.9581042, 0.94303423, 0.7929293, 1.023573, 0.6670285], 0.025111113
118.74722290039062, 188.9207001, 20000, 0, [0.4390775, 0.8210056, 0.40764913, 1.0066882, 1.0527258, 0.3224052, 0.71833795, 0.6236358, 0.32148755, 0.73678154], 0.06497626
118.93579864501953, 188.6872864, 20000, 0, [0.306285, 0.6776087, 0.6771223, 1.2886913, 1.1499977, -0.14565016, 0.74893075, 0.64432544, 0.4860878, 0.35878226], 0.15226406
119.44721221923828, 187.8569489, 20000, 16, [1.2069006, 1.2501317, 1.3553978, 1.4671369, 1.1900748, 1.3406104, 1.0073056, 1.332959, 1.1470547, 1.1988047], 0.015091611
119.20613098144531, 186.4680939, 20000, 15, [0.7290062, 0.6650425, 0.84446234, 1.0782521, 0.9549926, 0.94613254, 0.79187644, 0.98115754, 0.8493115, 0.6846321], 0.016910922
119.58065032958984, 186.0286255, 20000, 80, [0.86347276, 0.6882504, 1.0272431, 1.1070434, 0.83400536, 1.0588858, 0.7770592, 0.98679954, 0.8840219, 0.77569646], 0.017318457
118.8431625366211, 186.4721985, 20000, 12, [0.772662, 0.7407695, 1.0087876, 1.0611537, 0.86412394, 0.8324205, 0.7753644, 0.9769851, 0.83443743, 0.7188837], 0.012661721
119.2718505859375, 186.2857819, 20000, 0, [0.82178307, 0.8755574, 1.1309346, 1.0890961, 0.9240608, 0.80568594, 0.8796371, 0.9588576, 0.94141287, 0.8069386], 0.01140579
119.14299774169922, 186.3732452, 20000, 15, [0.7598649, 0.67494905, 0.9182055, 1.0770454, 0.9419947, 0.9514939, 0.8856485, 1.014271, 0.8279125, 0.7118945], 0.015461795
119.40232849121094, 187.9236298, 30000, 0, [1.049362, 1.2219361, 1.3486199, 0.9175446, 0.68880033, 0.70820993, 0.69279885, 0.40017682, 0.9067298, 1.3911331], 0.09323381
119.52047729492188, 189.5007935, 30000, 48, [0.902731, 1.1203601, 0.96763253, 1.4411125, 0.6399953, 1.0206616, 0.7626302, 0.5976244, 0.90769964, 0.85089356], 0.053641032
119.54743957519531, 189.5035858, 30000, 18, [0.869136, 1.0554228, 0.9285464, 1.3214836, 0.6463294, 1.0085318, 0.7425593, 0.52735525, 0.90076685, 0.85689723], 0.044316612
119.64584350585938, 189.4904022, 30000, 59, [0.9038783, 0.9987385, 0.9761174, 1.2214309, 0.61231285, 0.9869222, 0.7193613, 0.5854181, 0.9577129, 0.83065397], 0.034462348
119.68234252929688, 189.4959259, 30000, 29, [0.8676706, 1.0337542, 0.92481965, 1.293787, 0.656279, 1.0171659, 0.7552558, 0.5127403, 0.9054805, 0.8687636], 0.041697513
119.88687896728516, 187.8945313, 30000, 122, [1.2907082, 1.1648905, 0.7335102, 1.1208721, 1.1337408, 1.2214762, 1.1577113, 1.2692883, 0.9817257, 0.9789062], 0.025158826
119.800537109375, 188.734436, 30000, 0, [0.70969117, 0.5454395, 0.6962754, 0.53805333, 1.3640951, 0.12649024, 0.3387756, 0.7796844, 0.6687861, 0.83242446], 0.095947966
119.70832824707031, 189.3366394, 30000, 0, [1.3890268, 1.299363, 1.0799054, 0.81507045, 1.2202994, 1.2267252, 1.008174, 1.7248392, 1.1873441, 1.0944638], 0.05326709
118.5953369140625, 186.4655457, 30000, 0, [1.2542602, 1.2259239, 1.1647784, 1.0556662, 1.0152134, 1.1401796, 1.2212083, 0.89483273, 0.9746337, 1.0592412], 0.012877747
118.74722290039062, 188.9207001, 30000, 0, [0.7934653, 1.1193783, 0.41822135, 0.9398942, 0.82404023, 0.8109212, 1.0394578, 0.64871, 0.6017692, 0.76602864], 0.038860068
118.93579864501953, 188.6872864, 30000, 0, [0.425141, 0.8457632, 0.62603146, 1.0655881, 0.67966425, 0.46012914, 0.9773361, 0.84600484, 0.6708542, 0.09093629], 0.0754144
119.44721221923828, 187.8569489, 30000, 40, [1.0827968, 1.2435921, 1.3266784, 1.5505593, 0.9160123, 1.3968874, 1.1362836, 1.0638003, 1.0951605, 0.9816757], 0.03509903
119.20613098144531, 186.4680939, 30000, 50, [1.0725479, 1.0080168, 1.0421218, 1.1747288, 1.1347469, 1.102729, 1.1441942, 1.1970232, 0.98325837, 1.0259765], 0.0048523685
119.58065032958984, 186.0286255, 30000, 144, [1.1486849, 1.0859553, 1.179736, 1.148287, 1.1567956, 1.2158393, 1.1185597, 1.2049007, 1.0152769, 1.1567597], 0.003109127
118.8431625366211, 186.4721985, 30000, 35, [1.0624506, 1.1723046, 1.1885407, 1.1786561, 1.2053763, 1.1034361, 1.1470089, 1.2424762, 1.0213492, 1.0758975], 0.0045255986
119.2718505859375, 186.2857819, 30000, 4, [1.0302099, 1.2683045, 1.1643991, 1.2029552, 1.2240556, 1.1075318, 1.2020029, 1.0444326, 1.1070204, 1.2369349], 0.006112698
119.14299774169922, 186.3732452, 30000, 45, [1.1228759, 1.0192181, 1.104863, 1.1313212, 1.124703, 1.0970144, 1.2063768, 1.245608, 0.9609557, 1.0849056], 0.005979441
119.40232849121094, 187.9236298, 40000, 0, [1.0534587, 1.2113171, 1.299434, 0.7172577, 0.80954486, 0.66519064, 0.7794594, 0.64639956, 0.7495249, 1.3001424], 0.063295774
119.52047729492188, 189.5007935, 40000, 84, [0.97632253, 1.1122746, 1.03465, 1.0542608, 0.8031476, 0.8584923, 0.906659, 0.74819654, 0.7651374, 0.84816533], 0.014672788
119.54743957519531, 189.5035858, 40000, 48, [0.93643004, 1.0340385, 1.0161061, 0.98032707, 0.7820522, 0.8651072, 0.8633207, 0.7205065, 0.7612928, 0.86780816], 0.010520177
119.64584350585938, 189.4904022, 40000, 112, [0.99074626, 0.9972199, 1.051934, 0.90106165, 0.741048, 0.8632209, 0.8552141, 0.82649726, 0.8308071, 0.88032204], 0.007958991
119.68234252929688, 189.4959259, 40000, 76, [0.9280106, 1.0142386, 1.020356, 0.96707517, 0.78818303, 0.87672395, 0.8666755, 0.7106419, 0.7780978, 0.88125783], 0.009519563
119.88687896728516, 187.8945313, 40000, 174, [0.8521596, 0.87660336, 0.8151786, 0.6846822, 0.90555197, 1.317441, 1.1698785, 1.081434, 1.0744855, 1.1634281], 0.034775406
119.800537109375, 188.734436, 40000, 0, [0.42846635, 0.5333437, 1.0200526, 0.19121267, 1.2432421, 0.60894316, 0.34496692, 0.6514216, 0.8327769, 1.095219], 0.10681889
119.70832824707031, 189.3366394, 40000, 0, [1.0552702, 0.99610025, 0.97513145, 0.6141434, 0.9840422, 1.3421309, 0.86765146, 1.0373964, 1.0144391, 1.0424172], 0.029029628
118.5953369140625, 186.4655457, 40000, 0, [1.3713301, 1.0806097, 1.096751, 1.1105584, 1.0164472, 1.2305123, 0.95495516, 0.7357202, 0.9579562, 1.0620877], 0.025880972
118.74722290039062, 188.9207001, 40000, 0, [0.29509795, 0.6245991, 0.414892, 0.432134, 0.60650384, 1.0964062, 0.9553177, 0.2380718, 0.5044839, 0.78395563], 0.07024459
118.93579864501953, 188.6872864, 40000, 0, [0.10674566, 0.64458287, 0.8158016, 0.4287578, 0.52294767, 0.82343954, 0.9910742, 0.48086205, 0.6220682, 0.23446812], 0.06674368
119.44721221923828, 187.8569489, 40000, 65, [1.1545532, 1.3090576, 1.2464589, 1.2483732, 1.0981144, 1.228172, 1.347189, 1.0390334, 1.1575724, 1.0273323], 0.0106743025
119.20613098144531, 186.4680939, 40000, 84, [1.2322105, 1.0543545, 1.1058656, 1.2154875, 1.0083563, 1.2229972, 1.0802044, 1.1280662, 0.9507489, 1.2383727], 0.009346324
119.58065032958984, 186.0286255, 40000, 236, [1.2363892, 1.0197817, 1.1914506, 1.2389015, 1.0009137, 1.2632015, 1.0737082, 1.1129273, 0.94710696, 1.3288306], 0.014867036
118.8431625366211, 186.4721985, 40000, 54, [1.1883047, 1.096412, 1.1654413, 1.2430122, 1.0276526, 1.1880814, 1.0875579, 1.1050324, 0.93148965, 1.2318646], 0.008448777
119.2718505859375, 186.2857819, 40000, 13, [1.2149369, 1.1138649, 1.0658728, 1.2411956, 1.0777948, 1.2453326, 1.0499902, 0.87534523, 0.9296245, 1.2216389], 0.015278608
119.14299774169922, 186.3732452, 40000, 86, [1.2559097, 1.0438406, 1.1243781, 1.2010458, 0.9872926, 1.2197948, 1.1457146, 1.1366245, 0.92052263, 1.2878298], 0.012581344
119.40232849121094, 187.9236298, 50000, 0, [1.1747311, 1.4164741, 1.1481851, 0.6953506, 0.8440029, 0.5278479, 0.7397699, 0.6507485, 0.6775439, 1.112659], 0.07698273
119.52047729492188, 189.5007935, 50000, 110, [1.0508897, 1.1288877, 0.9347003, 0.83151317, 0.7099879, 0.6416788, 0.795615, 0.7918065, 0.6681673, 0.6139783], 0.027269164
119.54743957519531, 189.5035858, 50000, 69, [1.0123218, 1.0448332, 0.8986787, 0.74952924, 0.72717416, 0.66224504, 0.7334083, 0.7505803, 0.6593059, 0.58263], 0.021229539
119.64584350585938, 189.4904022, 50000, 150, [1.0402795, 1.0188322, 0.93539906, 0.6659068, 0.7106635, 0.6364847, 0.70948607, 0.83993983, 0.7118044, 0.57547754], 0.024220562
119.68234252929688, 189.4959259, 50000, 109, [1.003191, 1.023673, 0.90291154, 0.7267219, 0.74625146, 0.67759275, 0.72905254, 0.73681545, 0.67157, 0.58229536], 0.019406753
119.88687896728516, 187.8945313, 50000, 190, [0.8630093, 0.8982299, 0.6965827, 0.9022014, 1.0463222, 1.1301322, 0.8600751, 0.8881023, 1.0447059, 0.96556765], 0.01354021
119.800537109375, 188.734436, 50000, 0, [0.40045145, 0.33638692, 0.803875, 0.21528853, 1.1493915, 0.49167433, 0.19167636, 0.62185144, 0.8919227, 1.0496446], 0.10647343
119.70832824707031, 189.3366394, 50000, 0, [1.2538506, 1.0250666, 0.71546245, 0.714556, 1.0870732, 1.0311503, 0.71087795, 1.0173726, 1.1278107, 0.97895956], 0.032531984
118.5953369140625, 186.4655457, 50000, 0, [1.3575268, 0.99226785, 1.1911479, 0.8298029, 1.0062686, 0.9654393, 0.87865907, 0.6186368, 1.0399884, 0.90636843], 0.036057588
118.74722290039062, 188.9207001, 50000, 13, [0.20438507, 0.72808844, 0.33576038, 0.715326, 0.7679155, 0.9488809, 0.74351877, 0.20981526, 0.5889457, 0.67366314], 0.058364354
118.93579864501953, 188.6872864, 50000, 13, [0.22359201, 0.5719587, 0.8118545, 0.7272403, 0.598786, 0.7771909, 0.8294546, 0.26618657, 0.69350356, 0.32535177], 0.048013683
119.44721221923828, 187.8569489, 50000, 117, [1.1085438, 1.2461181, 1.2388306, 0.8291606, 0.97089064, 0.9004935, 1.2390499, 0.9468437, 0.9687919, 0.8122842], 0.025870007
119.20613098144531, 186.4680939, 50000, 137, [0.9600174, 0.7065045, 0.9706777, 0.9584458, 1.0400016, 1.076119, 0.9665809, 1.0448161, 0.98289937, 0.83662415], 0.010691484
119.58065032958984, 186.0286255, 50000, 312, [1.0088298, 0.76957273, 1.0301813, 0.9661497, 1.046027, 1.0972402, 0.9814766, 1.0614518, 1.011352, 0.9866197], 0.0071064
118.8431625366211, 186.4721985, 50000, 97, [0.9423108, 0.74006706, 1.0129387, 0.92443335, 1.0550872, 0.99069655, 0.96711636, 1.0325896, 0.91540843, 0.8907555], 0.0073184147
119.2718505859375, 186.2857819, 50000, 14, [1.0410395, 0.8267838, 1.0108001, 0.96440446, 1.1110424, 1.0681634, 1.0785449, 0.8516461, 1.0383545, 0.9425022], 0.008255853
119.14299774169922, 186.3732452, 50000, 135, [1.0211867, 0.76215154, 0.9943306, 0.9654852, 1.0017081, 1.0551624, 1.0283341, 1.0583764, 0.9708604, 0.9363327], 0.006615671
119.40232849121094, 187.9236298, 60000, 0, [0.65115374, 1.1591157, 0.8667136, 0.8883709, 0.73843455, 0.64402586, 0.67887765, 0.5091971, 0.46347523, 1.0641397], 0.046243034
119.52047729492188, 189.5007935, 60000, 126, [0.6222898, 0.9510974, 0.7071367, 1.1189123, 0.6186421, 0.6656355, 0.6902142, 0.6383904, 0.5782987, 0.6301769], 0.027113026
119.54743957519531, 189.5035858, 60000, 81, [0.58301, 0.8829714, 0.6900894, 1.0449059, 0.6213532, 0.69081944, 0.628979, 0.6018166, 0.5633603, 0.6120776], 0.02129279
119.64584350585938, 189.4904022, 60000, 169, [0.63919216, 0.8503423, 0.74125797, 0.9833058, 0.5871273, 0.6846145, 0.60447997, 0.70456374, 0.6349306, 0.6321256], 0.013884395
119.68234252929688, 189.4959259, 60000, 124, [0.5883534, 0.8655776, 0.6954217, 1.032053, 0.6324729, 0.70776993, 0.61658126, 0.5906138, 0.57413006, 0.61910236], 0.019548582
119.88687896728516, 187.8945313, 60000, 210, [0.92452544, 1.1714169, 0.89842457, 0.9948655, 1.1220936, 1.1141605, 0.911167, 1.0343736, 1.1031133, 0.9371001], 0.00925629
119.800537109375, 188.734436, 60000, 0, [0.4680455, 0.74559134, 1.0421047, 0.74320257, 1.3887557, 0.6973652, 0.24159037, 0.930958, 1.0802191, 1.2312553], 0.109325096
119.70832824707031, 189.3366394, 60000, 0, [0.96192855, 1.2552687, 0.7101474, 1.0965308, 0.9222269, 0.87372005, 0.7297902, 0.99631745, 0.8806982, 0.893626], 0.023430936
118.5953369140625, 186.4655457, 60000, 0, [1.1309594, 1.1316009, 1.1510756, 0.81524885, 0.9124583, 0.88560385, 0.84782994, 0.6548878, 0.9496665, 0.9407836], 0.022684753
118.74722290039062, 188.9207001, 60000, 30, [0.50442255, 1.2292258, 0.3528735, 0.9104572, 0.7866516, 0.9173301, 0.8443111, 0.4991085, 0.5489005, 0.66545427], 0.06163735
118.93579864501953, 188.6872864, 60000, 30, [0.70552486, 1.0149133, 0.8101091, 0.9109198, 0.724244, 0.8467439, 0.7679411, 0.64151406, 0.91287404, 0.5002743], 0.02014437
119.44721221923828, 187.8569489, 60000, 170, [0.81773394, 1.004506, 0.94241345, 1.1636956, 0.89149183, 0.82476157, 1.0721604, 0.7503619, 0.931463, 0.902014], 0.013874526
119.20613098144531, 186.4680939, 60000, 179, [0.9341884, 1.0897045, 0.9254855, 0.79203653, 1.007129, 1.066126, 1.0383377, 0.92316103, 0.8333146, 0.9122521], 0.0085586775
119.58065032958984, 186.0286255, 60000, 357, [0.93823534, 1.1052035, 1.0353837, 0.7782539, 0.9905959, 1.0262976, 1.007654, 0.8986761, 0.8670853, 1.0014894], 0.008175074
118.8431625366211, 186.4721985, 60000, 121, [0.8815536, 1.1644266, 0.9870015, 0.74076056, 0.96321726, 0.9095856, 0.9927113, 0.8977574, 0.80812776, 0.9166831], 0.011774047
119.2718505859375, 186.2857819, 60000, 14, [0.83835775, 1.180616, 1.0601376, 0.6641622, 0.947538, 0.97003716, 1.0420842, 0.7656083, 0.89662796, 0.9197077], 0.020150702
119.14299774169922, 186.3732452, 60000, 178, [0.97874355, 1.0960892, 0.9754784, 0.7844944, 0.9839562, 1.050412, 1.0924065, 0.9462956, 0.8405881, 0.9719655], 0.008933298
119.40232849121094, 187.9236298, 70000, 0, [0.8916427, 1.0464095, 0.9532734, 0.8005185, 0.59350103, 0.82960415, 0.90362996, 0.6780729, 0.59225255, 1.0528935], 0.025716415
119.52047729492188, 189.5007935, 70000, 148, [0.8469841, 0.9396864, 0.7531018, 1.1065106, 0.52866036, 0.8099954, 0.98042625, 0.7847207, 0.6569539, 0.74241537], 0.02459247
119.54743957519531, 189.5035858, 70000, 103, [0.80667675, 0.8683427, 0.6938512, 1.0665984, 0.5207462, 0.8288932, 0.9091825, 0.76085514, 0.6278089, 0.71178025], 0.021254737
119.64584350585938, 189.4904022, 70000, 193, [0.85882944, 0.84094185, 0.73591655, 1.0246621, 0.5162197, 0.8108274, 0.8793302, 0.85054415, 0.6853959, 0.72129464], 0.016796386
119.68234252929688, 189.4959259, 70000, 148, [0.81329685, 0.8508333, 0.68683594, 1.0666587, 0.54532295, 0.8459866, 0.8931709, 0.7485381, 0.6341987, 0.7174639], 0.01953721
119.88687896728516, 187.8945313, 70000, 248, [1.0023359, 0.88514054, 0.80681497, 0.9852364, 0.98091483, 1.152866, 0.8538136, 1.0441105, 0.95760983, 0.94340867], 0.008774963
119.800537109375, 188.734436, 70000, 0, [0.43829098, 0.64749956, 0.9485938, 0.7312602, 1.2314203, 1.0866758, 0.5811261, 1.0232102, 1.0288271, 1.2347677], 0.069774695
119.70832824707031, 189.3366394, 70000, 0, [0.9921194, 1.0063331, 0.69267684, 0.8907596, 0.8590345, 0.75466037, 0.6250039, 0.89833593, 0.96835333, 0.8722905], 0.014733031
118.5953369140625, 186.4655457, 70000, 5, [1.3771794, 0.7267791, 1.1428626, 1.0375928, 0.86558914, 1.0181779, 1.1006937, 0.7361131, 0.9621551, 1.0132444], 0.03384783
118.74722290039062, 188.9207001, 70000, 47, [0.67583025, 0.8033718, 0.37019295, 0.7874496, 0.666466, 1.0142862, 0.7780242, 0.5340578, 0.5121556, 0.68647593], 0.029373562
118.93579864501953, 188.6872864, 70000, 47, [0.6664102, 0.7119324, 0.76002413, 0.7718893, 0.4660346, 0.89519817, 0.61440575, 0.6082371, 0.77550143, 0.5161797], 0.015353332
119.44721221923828, 187.8569489, 70000, 216, [1.1377046, 1.0349853, 0.9871393, 1.2672262, 0.82940763, 1.0701741, 1.2767715, 0.9290109, 1.0222682, 1.0482697], 0.017389994
119.20613098144531, 186.4680939, 70000, 225, [1.3133595, 1.2094301, 1.10033, 1.1174486, 1.074212, 1.3449458, 1.2712603, 1.1963874, 1.1661611, 1.0539576], 0.009175874
119.58065032958984, 186.0286255, 70000, 405, [1.2915452, 1.1514245, 1.1668361, 1.131706, 1.0687071, 1.3160934, 1.2033534, 1.1954522, 1.1508834, 1.1427763], 0.0049654283
118.8431625366211, 186.4721985, 70000, 148, [1.2721641, 1.1668063, 1.1376325, 1.0994394, 1.0769651, 1.2580098, 1.1823319, 1.1760315, 1.1106017, 1.0551436], 0.004706564
119.2718505859375, 186.2857819, 70000, 14, [1.0749748, 1.0032302, 1.0762494, 0.9423914, 0.9450619, 1.2213289, 1.2499712, 0.95981574, 0.9761102, 1.0579705], 0.01090852
119.14299774169922, 186.3732452, 70000, 233, [1.3414459, 1.190064, 1.1324369, 1.1054714, 1.050869, 1.2931792, 1.2956879, 1.175567, 1.1694735, 1.1214614], 0.007983571
119.40232849121094, 187.9236298, 80000, 0, [0.9267879, 1.1557342, 1.1384349, 1.1358814, 1.1243863, 0.6901328, 0.97189075, 0.97709686, 0.7347723, 1.0336996], 0.025029067
119.52047729492188, 189.5007935, 80000, 176, [0.9100906, 0.972338, 0.84715456, 1.4150618, 0.98738396, 0.6501919, 1.1028498, 1.1026733, 0.76376003, 0.7402263], 0.04455896
119.54743957519531, 189.5035858, 80000, 132, [0.8800314, 0.91256744, 0.7772283, 1.3728273, 0.97324854, 0.6922096, 1.0528051, 1.0815442, 0.7325656, 0.7273911], 0.039777588
119.64584350585938, 189.4904022, 80000, 224, [0.9197033, 0.8763638, 0.79482406, 1.2921209, 0.904321, 0.68274206, 1.0220116, 1.1635593, 0.8044835, 0.717267], 0.033670552
119.68234252929688, 189.4959259, 80000, 179, [0.89263004, 0.8994001, 0.7771928, 1.3742232, 0.98768455, 0.71716195, 1.044138, 1.070427, 0.73644215, 0.73344344], 0.038003873
119.88687896728516, 187.8945313, 80000, 267, [0.7799891, 0.9549467, 1.0490489, 0.9040465, 1.0388925, 0.9980221, 0.96859545, 1.3953965, 1.0037555, 1.1764388], 0.024479017
119.800537109375, 188.734436, 80000, 0, [0.3398825, 0.7448799, 1.2314179, 0.78321373, 1.3064616, 1.1486684, 0.6078743, 1.5725074, 1.0853497, 1.3786184], 0.13456216
119.70832824707031, 189.3366394, 80000, 0, [1.1186998, 1.1098119, 0.7655972, 0.7427247, 1.1982895, 0.65759456, 0.92587787, 1.1053973, 0.9931434, 0.9281679], 0.030497849
118.5953369140625, 186.4655457, 80000, 8, [1.3728096, 0.8302892, 1.0793024, 1.0069717, 0.9737102, 0.8798665, 1.138713, 0.7943736, 1.0083562, 1.0446141], 0.0251169
118.74722290039062, 188.9207001, 80000, 52, [0.71778005, 0.86662203, 0.4365169, 0.82350224, 0.74812067, 1.0006642, 1.0169777, 0.77398425, 0.5817458, 0.8947291], 0.02892511
118.93579864501953, 188.6872864, 80000, 52, [0.7852998, 0.58933693, 1.0581638, 0.76197696, 0.63880616, 1.0702535, 0.8946357, 0.96679837, 0.9123132, 0.63749367], 0.027758246
119.44721221923828, 187.8569489, 80000, 278, [1.1815292, 1.065423, 1.0706116, 1.5216058, 1.168928, 0.9816701, 1.4188, 1.2548246, 1.0773038, 1.0468996], 0.027211899
119.20613098144531, 186.4680939, 80000, 282, [0.98568416, 0.93212277, 0.9455029, 0.8948063, 0.9776846, 1.1751797, 1.1281896, 1.1096252, 1.0442551, 0.97399116], 0.0078328755
119.58065032958984, 186.0286255, 80000, 479, [1.0078784, 0.97647965, 1.0266163, 0.8788891, 0.9734416, 1.1379179, 1.0593126, 1.0636256, 1.0287564, 1.0767275], 0.0044724806
118.8431625366211, 186.4721985, 80000, 178, [0.9536803, 0.9987059, 0.97796816, 0.85926306, 0.9709165, 1.0608456, 1.0219121, 1.0403905, 1.0043441, 1.0325023], 0.0029542749
119.2718505859375, 186.2857819, 80000, 14, [0.86845636, 0.93267864, 0.9554829, 0.7611542, 0.8984289, 1.0341778, 1.1821924, 0.9393367, 1.0000964, 1.0279976], 0.011400796
119.14299774169922, 186.3732452, 80000, 297, [1.0464324, 0.9475581, 0.9910362, 0.85287434, 0.9524356, 1.1150846, 1.1302179, 1.0956292, 1.0236874, 0.97576], 0.0067680934
119.40232849121094, 187.9236298, 90000, 0, [0.74187654, 0.9907088, 1.0252651, 1.1464208, 0.92960167, 0.9252875, 0.86281824, 0.83360046, 0.88699025, 0.817014], 0.012146203
119.52047729492188, 189.5007935, 90000, 187, [0.68147725, 0.84155005, 0.8679144, 1.4512355, 0.83065224, 0.82334006, 0.8809989, 0.9550565, 0.9593782, 0.66834444], 0.042716645
119.54743957519531, 189.5035858, 90000, 144, [0.6523455, 0.7855201, 0.8206565, 1.4261212, 0.82406646, 0.85835123, 0.8263038, 0.93479645, 0.92390436, 0.6588833], 0.042203344
119.64584350585938, 189.4904022, 90000, 238, [0.7020482, 0.73852015, 0.8282779, 1.3754983, 0.75785625, 0.85147727, 0.800955, 1.027334, 0.9941004, 0.6446197], 0.041135896
119.68234252929688, 189.4959259, 90000, 193, [0.6607132, 0.7709982, 0.81637746, 1.4333993, 0.8310453, 0.8815659, 0.8131976, 0.92178047, 0.9243664, 0.6639015], 0.042685766
119.88687896728516, 187.8945313, 90000, 287, [1.0650233, 1.0513816, 1.0119582, 1.1121984, 1.0034181, 0.96891105, 1.1820985, 1.1271961, 1.1710566, 1.1779242], 0.0054940837
119.800537109375, 188.734436, 90000, 0, [0.5529771, 0.8408707, 1.1907629, 1.0100954, 1.3449907, 0.9200829, 0.8335188, 1.1364222, 1.1886932, 1.3537519], 0.05802711
119.70832824707031, 189.3366394, 90000, 0, [1.1564438, 1.100161, 0.81820256, 1.1632371, 1.0083536, 0.7819188, 1.1727077, 0.9273713, 1.1976753, 1.0024943], 0.020522183
118.5953369140625, 186.4655457, 90000, 13, [1.3929546, 1.0241929, 1.1863316, 1.269182, 0.9715927, 0.95984703, 1.2386099, 0.8321262, 1.1880021, 1.1079364], 0.025963608
118.74722290039062, 188.9207001, 90000, 62, [0.9491911, 0.9335166, 0.17799868, 1.0450727, 0.700205, 0.86929584, 1.1659096, 0.51565033, 0.65909684, 0.90606165], 0.07470308
118.93579864501953, 188.6872864, 90000, 62, [0.8940164, 0.80568004, 0.75390655, 1.0338676, 0.6318011, 0.87179077, 1.0367042, 0.8177822, 0.9379843, 0.7596009], 0.014665214
119.44721221923828, 187.8569489, 90000, 320, [0.9582133, 0.9440962, 1.0735748, 1.576224, 1.0398933, 1.1100022, 1.1343442, 1.0668525, 1.2584345, 0.9602509], 0.032103386
119.20613098144531, 186.4680939, 90000, 346, [1.2019131, 1.0592052, 1.0461223, 1.2120423, 1.183159, 1.1785222, 1.2201225, 1.1555631, 1.1929756, 1.1003852], 0.0036498073
119.58065032958984, 186.0286255, 90000, 558, [1.2343771, 1.1098951, 1.1230308, 1.2341815, 1.1643225, 1.1975998, 1.1563674, 1.1662421, 1.1929429, 1.1515858], 0.0015848497
118.8431625366211, 186.4721985, 90000, 205, [1.1861812, 1.1221049, 1.0856079, 1.2120855, 1.1577193, 1.124073, 1.132028, 1.1327987, 1.17331, 1.1382818], 0.0011991281
119.2718505859375, 186.2857819, 90000, 14, [0.9806988, 1.117157, 1.036047, 1.1033987, 1.0155091, 1.1069388, 1.2492094, 1.0065886, 1.1643294, 1.1169741], 0.006016709
119.14299774169922, 186.3732452, 90000, 366, [1.2619972, 1.1088219, 1.0704284, 1.2174503, 1.1438863, 1.1392417, 1.2154927, 1.1505561, 1.2030424, 1.1206064], 0.0031510561
119.40232849121094, 187.9236298, 100000, 0, [0.8556505, 1.0211751, 1.2811695, 1.0671688, 1.0273361, 1.0146741, 1.1010424, 0.8431785, 1.1210492, 1.07324], 0.01441773
119.52047729492188, 189.5007935, 100000, 208, [0.8924521, 0.902761, 1.2259489, 1.2488488, 1.0138371, 0.99991864, 1.1269474, 0.984899, 1.0623738, 1.0667071], 0.013134574
119.54743957519531, 189.5035858, 100000, 167, [0.86302817, 0.84652203, 1.1733248, 1.1809611, 1.006875, 1.0254856, 1.0841448, 0.97530437, 1.0213541, 1.0391794], 0.011080987
119.64584350585938, 189.4904022, 100000, 264, [0.89254224, 0.8039139, 1.1635416, 1.1382898, 0.9673454, 1.0254118, 1.0629954, 1.0717207, 1.0882795, 1.0133651], 0.010949178
119.68234252929688, 189.4959259, 100000, 219, [0.8640127, 0.8368803, 1.1708211, 1.171182, 1.0216509, 1.0463524, 1.0798811, 0.9641884, 1.0224054, 1.0377071], 0.011116227
119.88687896728516, 187.8945313, 100000, 320, [1.1049781, 1.1322091, 1.1022502, 1.0711956, 0.9477124, 1.096684, 1.1362379, 1.2719721, 1.2946792, 1.1611083], 0.008744343
119.800537109375, 188.734436, 100000, 0, [0.7194717, 0.6897744, 1.288601, 0.89378685, 1.1567614, 0.9306446, 0.8344041, 1.251794, 1.1338947, 1.1262417], 0.042351473
119.70832824707031, 189.3366394, 100000, 0, [1.1793703, 1.009115, 1.0087397, 1.0916928, 1.1156961, 0.7406354, 1.0769514, 0.965521, 1.4294533, 1.0946617], 0.027122643
118.5953369140625, 186.4655457, 100000, 13, [1.3884209, 1.0544274, 1.344714, 1.0569236, 1.2492347, 1.0930241, 1.2476788, 0.93414104, 1.3812331, 1.2935666], 0.022634108
118.74722290039062, 188.9207001, 100000, 69, [0.9537028, 0.9135374, 0.416287, 0.8268932, 0.60865724, 0.9334109, 1.0583153, 0.5859113, 0.75068754, 0.8476291], 0.035504393
118.93579864501953, 188.6872864, 100000, 69, [0.9221153, 0.74943435, 0.78437024, 0.9235778, 0.5201112, 0.7844757, 0.94442517, 0.88487846, 0.90861624, 0.63432866], 0.017855367
119.44721221923828, 187.8569489, 100000, 364, [1.0823643, 1.0839012, 1.3934848, 1.362046, 1.233145, 1.2825904, 1.485271, 1.0704426, 1.3855305, 1.2794247], 0.019450387
119.20613098144531, 186.4680939, 100000, 397, [1.244983, 1.2650774, 1.2594787, 1.1518805, 1.2660059, 1.2538602, 1.365468, 1.2743161, 1.3801913, 1.2260321], 0.003818137
119.58065032958984, 186.0286255, 100000, 630, [1.293516, 1.3095896, 1.2643695, 1.1358225, 1.2593483, 1.2756276, 1.2618732, 1.2777264, 1.3527793, 1.2575985], 0.0027418907
118.8431625366211, 186.4721985, 100000, 228, [1.2990603, 1.3509889, 1.2564633, 1.1439773, 1.2485789, 1.2342812, 1.2384956, 1.2607586, 1.3715688, 1.2846334], 0.003679912
119.2718505859375, 186.2857819, 100000, 14, [1.1055561, 1.2690614, 1.1917338, 0.975993, 1.2030783, 1.2358623, 1.2923299, 1.0899067, 1.2972704, 1.2733735], 0.01002893
119.14299774169922, 186.3732452, 100000, 419, [1.2872258, 1.2926427, 1.2470275, 1.1530612, 1.2221472, 1.1794924, 1.3472546, 1.2358932, 1.3632678, 1.2159263], 0.004181226
119.40232849121094, 187.9236298, 110000, 0, [0.7757079, 0.87436277, 0.87586606, 0.8966256, 0.6859392, 0.7971218, 0.94129664, 0.84948146, 0.8564589, 1.0561556], 0.008835664
119.52047729492188, 189.5007935, 110000, 218, [0.7508945, 0.7514787, 0.78742206, 1.0503341, 0.5480317, 0.7379021, 0.9201059, 0.8695699, 0.77437884, 0.9538636], 0.0176458
119.54743957519531, 189.5035858, 110000, 184, [0.725372, 0.6912459, 0.76061946, 1.0019563, 0.56694394, 0.7581647, 0.89146435, 0.8673518, 0.7362066, 0.9270019], 0.014835758
119.64584350585938, 189.4904022, 110000, 284, [0.7695822, 0.6627876, 0.8091779, 0.97584546, 0.567536, 0.75949115, 0.8809845, 0.955885, 0.7987378, 0.8834483], 0.014385971
119.68234252929688, 189.4959259, 110000, 239, [0.7291251, 0.6834993, 0.7650423, 1.0002663, 0.59154725, 0.7790133, 0.890267, 0.8563814, 0.7361068, 0.9233497], 0.013423565
119.88687896728516, 187.8945313, 110000, 344, [0.96490353, 1.1379882, 1.157616, 0.98699915, 1.182996, 0.9644678, 1.0249668, 1.0582322, 1.0581454, 1.1107455], 0.0057825455
119.800537109375, 188.734436, 110000, 0, [0.46998757, 0.8149082, 1.461969, 0.98757637, 1.406038, 1.041736, 0.753049, 1.0860969, 0.9399323, 1.2996688], 0.08503475
119.70832824707031, 189.3366394, 110000, 0, [0.9886822, 0.98418975, 0.9594065, 0.8400621, 1.0322266, 0.6498798, 0.8066877, 0.76123667, 1.0425805, 1.0512494], 0.017193586
118.5953369140625, 186.4655457, 110000, 21, [1.1753731, 0.8530014, 1.1609998, 0.9777665, 1.0165414, 0.8038044, 1.1574397, 0.8180742, 1.1302416, 1.2170202], 0.02298645
118.74722290039062, 188.9207001, 110000, 69, [0.7899017, 0.8251353, 0.40166575, 0.7143076, 0.78807443, 0.84519416, 0.89635247, 0.29894152, 0.43565673, 0.75556386], 0.040794414
118.93579864501953, 188.6872864, 110000, 69, [0.71717113, 0.7320712, 0.85091966, 0.7496343, 0.64441955, 0.7339422, 0.86163014, 0.55980605, 0.71739, 0.6944607], 0.0070081376
119.44721221923828, 187.8569489, 110000, 414, [0.95916337, 0.94641954, 1.0911509, 1.1662468, 0.85337, 0.97662944, 1.2225555, 0.9487928, 1.0682102, 1.1701314], 0.013206768
119.20613098144531, 186.4680939, 110000, 442, [1.1100543, 0.9780794, 1.1183219, 1.0293527, 1.2929907, 1.0385951, 1.2651408, 1.1299661, 1.1243784, 1.1014253], 0.008652835
119.58065032958984, 186.0286255, 110000, 701, [1.2445502, 1.013842, 1.1915036, 1.0290053, 1.2394011, 1.1096551, 1.2158046, 1.1305984, 1.0977584, 1.1551118], 0.0060393726
118.8431625366211, 186.4721985, 110000, 256, [1.2143736, 1.0022454, 1.1392937, 1.0113733, 1.2274915, 1.015842, 1.1900672, 1.0993415, 1.1039048, 1.1788414], 0.006637572
119.2718505859375, 186.2857819, 110000, 14, [0.9273681, 1.010087, 1.0922968, 0.88372505, 1.0765209, 0.97802085, 1.2217352, 0.9832191, 1.047193, 1.2120211], 0.011170391
119.14299774169922, 186.3732452, 110000, 460, [1.1953491, 1.0062726, 1.1107895, 1.0196964, 1.2399915, 1.0221736, 1.2571534, 1.1083659, 1.1241025, 1.126666], 0.007172156
119.40232849121094, 187.9236298, 120000, 0, [0.72854024, 0.86585885, 0.82680863, 0.773056, 0.6194458, 0.5976515, 0.9396554, 0.89405954, 0.7730323, 0.807925], 0.011054777
119.52047729492188, 189.5007935, 120000, 243, [0.6985048, 0.70171446, 0.77064705, 0.9028474, 0.45902303, 0.603862, 0.90267515, 0.94311625, 0.76644754, 0.6949676], 0.01983827
119.54743957519531, 189.5035858, 120000, 212, [0.6787968, 0.63981056, 0.7329885, 0.8722962, 0.4528335, 0.61733913, 0.8960619, 0.9324565, 0.72854567, 0.6646894], 0.01926509
119.64584350585938, 189.4904022, 120000, 316, [0.71653163, 0.6096003, 0.75416535, 0.8634173, 0.41122887, 0.62825656, 0.90621233, 1.0090692, 0.7921522, 0.6257262], 0.026866797
119.68234252929688, 189.4959259, 120000, 271, [0.6826187, 0.6266856, 0.73030895, 0.87682825, 0.4687283, 0.6367025, 0.90468395, 0.91904527, 0.7329071, 0.662784], 0.01818792
119.88687896728516, 187.8945313, 120000, 385, [1.0425707, 1.1831398, 0.99989504, 0.9841723, 0.8524381, 0.9504487, 1.0067906, 1.0256891, 0.9954225, 1.0675079], 0.0063949125
119.800537109375, 188.734436, 120000, 0, [0.61357963, 0.7766962, 1.3733945, 0.89531577, 1.0895206, 0.99169, 0.672245, 1.0923063, 0.8889546, 1.2941945], 0.05627349
119.70832824707031, 189.3366394, 120000, 0, [0.99823195, 1.1081922, 0.9742762, 1.0207783, 0.8552138, 0.55850697, 0.8474906, 0.75332963, 1.1652997, 1.0046288], 0.028914506
118.5953369140625, 186.4655457, 120000, 28, [1.2441646, 0.9640255, 1.2399069, 0.99431103, 0.9274508, 0.91722935, 1.1753267, 0.8881916, 1.2011857, 1.0069187], 0.018316094
118.74722290039062, 188.9207001, 120000, 69, [0.8113136, 0.9360995, 0.24819675, 0.76390505, 0.5579141, 0.81723946, 0.98455423, 0.33548376, 0.5592584, 0.666116], 0.05348419
118.93579864501953, 188.6872864, 120000, 69, [0.8558553, 0.8733746, 0.5973233, 0.765435, 0.38091016, 0.8470551, 0.89950794, 0.6394646, 0.82486844, 0.6845548], 0.02383479
119.44721221923828, 187.8569489, 120000, 452, [0.8795422, 0.9539586, 1.0049634, 1.0540494, 0.7055596, 0.944628, 1.2620238, 1.0549382, 1.1197671, 0.94561833], 0.01977515
119.20613098144531, 186.4680939, 120000, 501, [1.123377, 1.0203109, 1.0282476, 1.119735, 1.2069914, 1.1437352, 1.1944335, 1.1008322, 1.0915799, 1.0019444], 0.004430155
119.58065032958984, 186.0286255, 120000, 767, [1.2167661, 1.0681622, 1.1189291, 1.1010255, 1.1334504, 1.1984814, 1.153745, 1.1026258, 1.0949225, 1.050139], 0.0025556018
118.8431625366211, 186.4721985, 120000, 305, [1.1638082, 1.1067262, 1.0858226, 1.1158651, 1.1487823, 1.1371346, 1.1492587, 1.0444388, 1.1118466, 1.0484143], 0.001538642
119.2718505859375, 186.2857819, 120000, 14, [1.001338, 1.1585362, 1.1076493, 1.0104595, 1.0684538, 1.1370447, 1.3070463, 0.9561496, 1.0859759, 1.0780827], 0.008704551
119.14299774169922, 186.3732452, 120000, 505, [1.1974255, 1.0610502, 1.0362486, 1.1065546, 1.1857469, 1.0964942, 1.1897707, 1.0758648, 1.0618737, 1.0385646], 0.003610411
119.40232849121094, 187.9236298, 130000, 0, [0.8366338, 1.0126586, 0.92884225, 0.73053306, 0.89669514, 0.7200262, 0.8310428, 0.94133437, 0.90052444, 1.0268899], 0.00981684
119.52047729492188, 189.5007935, 130000, 269, [0.8477782, 0.8537802, 0.83487684, 0.8846097, 0.7694407, 0.71681374, 0.76187104, 0.9740474, 0.8756813, 0.9035233], 0.005175107
119.54743957519531, 189.5035858, 130000, 239, [0.8283364, 0.7790097, 0.8296608, 0.8512541, 0.7549831, 0.74390316, 0.74761206, 0.98769593, 0.841519, 0.8925626], 0.005160847
119.64584350585938, 189.4904022, 130000, 344, [0.8720845, 0.74239206, 0.8520559, 0.84985375, 0.7084058, 0.7613092, 0.742389, 1.0647691, 0.91827613, 0.85941386], 0.010077717
119.68234252929688, 189.4959259, 130000, 299, [0.8323238, 0.76857126, 0.83502334, 0.8501359, 0.7674025, 0.76333064, 0.7583669, 0.9818535, 0.8498533, 0.8931658], 0.0045147683
119.88687896728516, 187.8945313, 130000, 404, [0.8668364, 0.9359879, 1.0079526, 0.7768316, 0.8214495, 1.0595367, 0.93041474, 0.8508984, 1.0767343, 1.1512103], 0.013568466
119.800537109375, 188.734436, 130000, 0, [0.46923295, 0.6295978, 1.3699275, 0.70047176, 1.0572791, 1.073688, 0.3840731, 0.7637023, 0.8388044, 1.2294507], 0.094786204
119.70832824707031, 189.3366394, 130000, 0, [0.7963136, 0.95678926, 0.99531835, 0.7732692, 0.817039, 0.5417283, 0.72459114, 0.7024216, 1.1044413, 1.0269785], 0.027060416
118.5953369140625, 186.4655457, 130000, 35, [1.3248249, 0.95505303, 1.3104014, 0.8806212, 1.0404415, 1.0826699, 1.0726914, 1.0342559, 1.37849, 1.2497603], 0.026201421
118.74722290039062, 188.9207001, 130000, 69, [0.6664764, 0.69068, 0.40004012, 0.48945755, 0.45975363, 1.015455, 0.71721137, 0.23171194, 0.55113244, 0.70529735], 0.04194379
118.93579864501953, 188.6872864, 130000, 69, [0.8110693, 0.6406213, 0.84787273, 0.5733772, 0.30556524, 0.9867711, 0.69372904, 0.48741457, 0.9071592, 0.7896455], 0.038757466
119.44721221923828, 187.8569489, 130000, 480, [1.0407541, 1.0754237, 1.1369458, 0.9210099, 0.92099357, 1.0216713, 1.1123108, 1.010437, 1.1948618, 1.1465882], 0.0077481093
119.20613098144531, 186.4680939, 130000, 569, [1.2201275, 1.0713941, 1.0859457, 1.0188329, 1.1929832, 1.2578948, 1.1913121, 1.2118746, 1.1347734, 1.2161676], 0.0055012195
119.58065032958984, 186.0286255, 130000, 862, [1.2962155, 1.1040261, 1.1768186, 1.0138142, 1.1666553, 1.3134208, 1.1773906, 1.2018589, 1.1803381, 1.2408148], 0.006855916
118.8431625366211, 186.4721985, 130000, 357, [1.1793447, 1.0753272, 1.1212293, 0.9606155, 1.12995, 1.269153, 1.1778747, 1.1291629, 1.1773431, 1.2190448], 0.0064085284
119.2718505859375, 186.2857819, 130000, 14, [1.0532217, 1.1735517, 1.1855545, 0.8633079, 1.1099844, 1.2924955, 1.2433839, 1.1320711, 1.1870464, 1.2298484], 0.013198638
119.14299774169922, 186.3732452, 130000, 584, [1.2533718, 1.1008586, 1.070676, 1.0182399, 1.1619799, 1.2137854, 1.1879084, 1.1689066, 1.114607, 1.2222981], 0.004922399
119.40232849121094, 187.9236298, 140000, 0, [0.806447, 1.0142819, 0.7547358, 0.6982112, 0.7831288, 0.5481151, 1.0109631, 0.8116419, 0.69873, 0.9238784], 0.019208983
119.52047729492188, 189.5007935, 140000, 303, [0.7648808, 0.85712916, 0.70191455, 0.79338384, 0.76183283, 0.5448812, 0.98665726, 0.88794476, 0.62267995, 0.76097375], 0.014614989
119.54743957519531, 189.5035858, 140000, 274, [0.75539905, 0.79765326, 0.6909945, 0.7691227, 0.7491995, 0.5741145, 0.964048, 0.8903237, 0.5972829, 0.755981], 0.01257546
119.64584350585938, 189.4904022, 140000, 379, [0.79516375, 0.7702635, 0.7190721, 0.77347827, 0.6914907, 0.59577125, 0.93357193, 0.97140616, 0.66723704, 0.73662126], 0.011854208
119.68234252929688, 189.4959259, 140000, 334, [0.76014435, 0.78207535, 0.69542617, 0.77163255, 0.76197445, 0.5964979, 0.9662621, 0.8844195, 0.6072652, 0.75783837], 0.011285903
119.88687896728516, 187.8945313, 140000, 424, [1.1460507, 1.1129557, 1.0525557, 1.0654628, 0.91997856, 0.9317996, 1.2281004, 1.0314982, 1.3462276, 1.1573515], 0.015144442
119.800537109375, 188.734436, 140000, 0, [0.6828138, 0.81335735, 1.4242815, 1.061026, 1.0571923, 0.9114749, 0.8207467, 1.1494168, 1.0464396, 1.3422142], 0.04944676
119.70832824707031, 189.3366394, 140000, 0, [1.2364058, 1.0331832, 1.0932134, 1.0192155, 0.9741402, 0.5307669, 1.1476704, 0.8360309, 1.1511598, 1.1316464], 0.037341356
118.5953369140625, 186.4655457, 140000, 38, [1.2275896, 0.8453694, 1.1643032, 0.80485886, 1.0205982, 1.0408772, 1.1845101, 0.88916355, 1.249936, 1.1944414], 0.02508381
118.74722290039062, 188.9207001, 140000, 69, [0.74812174, 0.86682796, 0.40290287, 0.7547611, 0.6255582, 0.84369284, 1.0818267, 0.3404148, 0.7003323, 0.7817606], 0.04272426
118.93579864501953, 188.6872864, 140000, 69, [0.95209813, 0.9032735, 0.79691046, 0.8524238, 0.44776702, 0.88214, 1.0406357, 0.7416818, 1.1025355, 0.862854], 0.029024739
119.44721221923828, 187.8569489, 140000, 519, [0.96300495, 1.0532452, 0.9961448, 0.924648, 0.9712221, 0.87426895, 1.211943, 0.92828566, 0.99491894, 1.0673057], 0.0081129065
119.20613098144531, 186.4680939, 140000, 641, [1.2203283, 1.0976295, 1.0678587, 1.070529, 1.1600397, 1.1974553, 1.228683, 1.1783292, 1.2000583, 1.2204032], 0.003556341
119.58065032958984, 186.0286255, 140000, 935, [1.275983, 1.1298296, 1.1674502, 1.053401, 1.1126375, 1.2461314, 1.2601955, 1.1712651, 1.1815242, 1.2530841], 0.004841165
118.8431625366211, 186.4721985, 140000, 398, [1.1760993, 1.1058072, 1.1113853, 1.0249642, 1.0770439, 1.2056606, 1.2766663, 1.0934404, 1.1664908, 1.2168695], 0.0051959036
119.2718505859375, 186.2857819, 140000, 14, [0.98134273, 1.2008455, 1.1479794, 0.9279268, 1.0550901, 1.2474245, 1.3198756, 1.0517217, 1.1359354, 1.1923478], 0.01336215
119.14299774169922, 186.3732452, 140000, 653, [1.2431569, 1.1334834, 1.0660377, 1.070464, 1.1309284, 1.1494936, 1.2400204, 1.1637996, 1.1851504, 1.2253073], 0.0036728506
119.40232849121094, 187.9236298, 150000, 0, [0.8972982, 1.1652774, 0.86750925, 0.89168787, 0.81695795, 0.9156956, 0.9006624, 0.9560852, 0.6982039, 0.8478579], 0.012505002
119.52047729492188, 189.5007935, 150000, 327, [0.8581346, 0.9924331, 0.8450771, 1.0560261, 0.6701158, 0.9231369, 0.9473468, 1.0530155, 0.7109463, 0.7774011], 0.016469877
119.54743957519531, 189.5035858, 150000, 300, [0.82351935, 0.925424, 0.8209934, 1.0468223, 0.67248464, 0.93562955, 0.92178714, 1.0456898, 0.68169594, 0.7627036], 0.01623393
119.64584350585938, 189.4904022, 150000, 405, [0.8628091, 0.8851053, 0.80517274, 1.0617402, 0.6329124, 0.95467263, 0.8814212, 1.1072893, 0.7580831, 0.71939385], 0.01961724
119.68234252929688, 189.4959259, 150000, 359, [0.8230327, 0.91315794, 0.8220932, 1.056129, 0.6875788, 0.95026755, 0.91501963, 1.0315928, 0.6893715, 0.7582024], 0.015370553
119.88687896728516, 187.8945313, 150000, 450, [0.96252465, 1.1788614, 1.090416, 1.0136878, 0.94408596, 0.95239615, 0.75101113, 0.9359848, 1.0659873, 0.91003704], 0.0121888975
119.800537109375, 188.734436, 150000, 0, [0.61688596, 0.8258823, 1.4525836, 0.9363763, 1.0213695, 0.96933824, 0.4139639, 0.96714455, 0.75039315, 1.0148594], 0.068807416
119.70832824707031, 189.3366394, 150000, 0, [0.8033132, 1.2037058, 1.0713922, 1.058601, 0.82940745, 0.43695855, 0.581967, 0.61621636, 1.1627597, 0.92860085], 0.06176149
118.5953369140625, 186.4655457, 150000, 38, [1.1882329, 0.77058274, 1.0499089, 0.96969306, 0.95815444, 0.99028736, 1.0393716, 0.9084144, 1.2558184, 0.9582556], 0.016965527
118.74722290039062, 188.9207001, 150000, 77, [0.54951096, 0.8848361, 0.39551935, 0.6872376, 0.5717453, 0.7246658, 0.4710641, 0.056938574, 0.55511034, 0.46992165], 0.04397931
118.93579864501953, 188.6872864, 150000, 77, [0.69885254, 0.88408816, 0.7900046, 0.7572429, 0.36209008, 0.7205908, 0.46008217, 0.44396764, 0.78414893, 0.5185986], 0.028929636
119.44721221923828, 187.8569489, 150000, 559, [1.019913, 1.1530492, 1.1134579, 1.1173766, 0.8676881, 1.2018813, 1.1813856, 1.1139073, 1.0602107, 1.0895482], 0.008190373
119.20613098144531, 186.4680939, 150000, 689, [1.0377243, 0.9771794, 0.86296296, 1.0170087, 1.1338397, 1.0625432, 1.0642582, 1.0742462, 1.0009093, 0.9353374], 0.005390484
119.58065032958984, 186.0286255, 150000, 996, [1.1700052, 1.0075794, 0.93787867, 1.0086217, 1.079674, 1.0938389, 1.0577658, 1.0678949, 0.98723555, 0.94604355], 0.004635522
118.8431625366211, 186.4721985, 150000, 446, [1.0488539, 0.9768443, 0.9281356, 0.9923416, 1.0514498, 1.0584084, 1.0571012, 1.0161971, 0.9833539, 0.92299294], 0.0023807432
119.2718505859375, 186.2857819, 150000, 14, [0.87634885, 1.0201342, 1.0473619, 0.9043029, 1.0081503, 1.1152117, 1.0949873, 0.9909423, 0.99757236, 0.9360368], 0.0053630034
119.14299774169922, 186.3732452, 150000, 705, [1.1070228, 1.0236435, 0.82737064, 1.0273163, 1.0861813, 1.0326236, 1.07447, 1.0512142, 1.0022889, 0.94234586], 0.005950517
